40179,0.0001016
40179.02,0.0001016
40185.9166666667,0.000135466666667
40185.9583333333,0.0002032
40186,0.000338666666667
40186.0416666667,0.000643466666667
40186.0833333333,0.001083733333333
40186.125,0.0017272
40186.1666666667,0.002099733333333
40186.2083333333,0.002167466666667
40195.25,0.002201333333333
40195.2916666667,0.002201333333333
40195.3333333333,0.0021336
40195.375,0.001998133333333
40195.4166666667,0.001693333333333
40195.4583333333,0.001286933333333
40195.5,0.0006096
40195.5416666667,0.000237066666667
40195.5833333333,0.000135466666667
40195.625,0.0001016
40195.6666666667,0.0001016
40195.7083333333,0.000135466666667
40195.75,0.000169333333333
40195.7916666667,0.000169333333333
40195.8333333333,0.000135466666667
40195.875,0.000270933333333
40197.3333333333,0.0003048
40198.1666666667,0.000372533333333
40198.2083333333,0.0004064
40198.25,0.000372533333333
40198.2916666667,0.000372533333333
40199.7916666667,0.000338666666667
40199.8333333333,0.000372533333333
40199.875,0.000338666666667
40199.9166666667,0.0002032
40199.9583333333,0.000169333333333
40200,0.0001016
40200.0416666667,6.77333333333E-05
40200.0833333333,6.77333333333E-05
40200.125,3.38666666667E-05
40200.1666666667,3.38666666667E-05
40200.2083333333,0
40200.25,0
40200.2916666667,0
40200.3333333333,0.0001016
40200.375,0.000270933333333
40200.4166666667,0.000338666666667
40200.4583333333,0.0004064
40202.375,0.000643466666667
40202.4166666667,0.000846666666667
40202.7083333333,0.0009144
40202.75,0.0011176
40202.875,0.0012192
40202.9166666667,0.0011176
40202.9583333333,0.001016
40203.0416666667,0.000948266666667
40203.0833333333,0.000880533333333
40203.125,0.000643466666667
40203.1666666667,0.000440266666667
40203.2083333333,0.000372533333333
40203.25,0.000169333333333
40203.2916666667,6.77333333333E-05
40203.375,0.0002032
40203.7083333333,0.000237066666667
40203.75,0.000338666666667
40203.8333333333,0.000372533333333
40203.875,0.0004064
40203.9583333333,0.0004064
40204.6666666667,0.000440266666667
40208.375,0.000440266666667
40208.4166666667,0.000440266666667
40208.4583333333,0.0003048
40208.5,0.0002032
40208.5416666667,0.0001016
40208.5833333333,6.77333333333E-05
40208.625,3.38666666667E-05
40208.6666666667,3.38666666667E-05
40208.7083333333,0
40208.75,0
40208.7916666667,3.38666666667E-05
40208.8333333333,0.000135466666667
40208.875,0.0003048
40208.9166666667,0.000474133333333
40208.9583333333,0.000541866666667
40209,0.000677333333333
40210,0.0008128
40211.7083333333,0.000846666666667
40211.75,0.000880533333333
40211.7916666667,0.000846666666667
40211.8333333333,0.000745066666667
40211.875,0.000575733333333
40211.9166666667,0.0004064
40211.9583333333,0.000338666666667
40212,0.000237066666667
40212.0416666667,0.000237066666667
40212.0833333333,0.000338666666667
40212.125,0.000440266666667
40212.1666666667,0.0006096
40212.2083333333,0.000778933333333
40212.375,0.001016
40214.4166666667,0.001354666666667
40214.4583333333,0.001524
40214.5,0.001659466666667
40214.5416666667,0.0016256
40214.5833333333,0.0016256
40214.625,0.0016256
40214.6666666667,0.0016256
40214.7083333333,0.001659466666667
40214.75,0.0016256
40214.7916666667,0.0014224
40214.8333333333,0.001490133333333
40214.875,0.001388533333333
40214.9166666667,0.0013208
40214.9583333333,0.001185333333333
40215,0.0011176
40215.0416666667,0.000982133333333
40215.0833333333,0.0008128
40215.125,0.000677333333333
40215.1666666667,0.000541866666667
40215.2083333333,0.000338666666667
40215.25,0.000270933333333
40215.2916666667,0.000237066666667
40215.3333333333,0.000237066666667
40215.375,0.000169333333333
40215.4166666667,0.000169333333333
40215.4583333333,0.000135466666667
40215.5,0.000338666666667
40215.5416666667,0.000677333333333
40215.5833333333,0.0009144
40215.625,0.001083733333333
40215.6666666667,0.001151466666667
40215.7083333333,0.001286933333333
40218.6666666667,0.001354666666667
40218.7083333333,0.0013208
40218.75,0.001354666666667
40218.7916666667,0.001185333333333
40218.8333333333,0.000948266666667
40218.875,0.0008128
40218.9166666667,0.0007112
40218.9583333333,0.000677333333333
40219,0.000541866666667
40219.0416666667,0.000474133333333
40219.0833333333,0.000474133333333
40219.125,0.000440266666667
40219.1666666667,0.000338666666667
40219.2083333333,0.000237066666667
40219.25,0.0001016
40219.2916666667,3.38666666667E-05
40219.3333333333,0
40219.375,0
40219.4166666667,0
40219.4583333333,0
40219.5,0
40219.5416666667,0
40219.5833333333,0
40219.625,0
40219.6666666667,6.77333333333E-05
40219.7083333333,0.0001016
40219.75,0.000135466666667
40219.7916666667,0.000135466666667
40219.8333333333,0.000135466666667
40219.875,0.000135466666667
40219.9166666667,0.000135466666667
40224.5833333333,0.000135466666667
40224.625,0.000135466666667
40224.6666666667,0.000135466666667
40224.7083333333,0.0002032
40224.75,0.000508
40224.7916666667,0.000677333333333
40225.2083333333,0.0008128
40225.25,0.0009144
40231.5833333333,0.0009144
40231.625,0.0009144
40231.6666666667,0.0009144
40231.7083333333,0.000846666666667
40231.75,0.000745066666667
40231.7916666667,0.0004064
40231.8333333333,0.000237066666667
40231.875,0.0001016
40231.9166666667,0
40231.9583333333,0
40232,0
40232.0833333333,0
40232.125,3.38666666667E-05
40232.1666666667,3.38666666667E-05
40232.2083333333,3.38666666667E-05
40233.9166666667,3.38666666667E-05
40233.9583333333,3.38666666667E-05
40234,3.38666666667E-05
40234.0416666667,3.38666666667E-05
40234.0833333333,3.38666666667E-05
40234.125,6.77333333333E-05
40234.1666666667,3.38666666667E-05
40234.6666666667,3.38666666667E-05
40234.7083333333,3.38666666667E-05
40235.5833333333,3.38666666667E-05
40235.625,3.38666666667E-05
40236.0416666667,3.38666666667E-05
40236.0833333333,3.38666666667E-05
40236.125,3.38666666667E-05
40236.1666666667,0
40236.2083333333,0
40237.7083333333,3.38666666667E-05
40237.75,6.77333333333E-05
40238,0.000135466666667
40239.5416666667,0.0002032
40239.5833333333,0.0002032
40239.625,0.0002032
40239.6666666667,0.0002032
40239.7083333333,0.0002032
40239.75,0.0002032
40239.7916666667,0.000169333333333
40239.8333333333,0.000135466666667
40239.875,6.77333333333E-05
40239.9166666667,0
40239.9583333333,0
40240,0
40240.0833333333,0
40240.125,0
40240.1666666667,0
40240.2083333333,0
40240.25,0
40240.2916666667,0
40240.3333333333,0
40240.4583333333,0
40240.5,0
40240.5416666667,0
40240.5833333333,0
40240.625,0
40240.6666666667,0.000270933333333
40240.7083333333,0.0008128
40240.75,0.001185333333333
40240.7916666667,0.001591733333333
40240.8333333333,0.001659466666667
40240.875,0.001659466666667
40240.9166666667,0.001693333333333
40248.9583333333,0.001693333333333
40249,0.001693333333333
40249.0416666667,0.0014224
40249.0833333333,0.0009144
40249.125,0.0006096
40249.1666666667,0.0002032
40249.2083333333,0.000135466666667
40249.25,0.000169333333333
40249.2916666667,0.000169333333333
40249.3333333333,0.000237066666667
40249.375,0.000270933333333
40249.4166666667,0.000372533333333
40249.4583333333,0.000338666666667
40249.5,0.000270933333333
40249.5416666667,0.000270933333333
40249.5833333333,0.000270933333333
40249.625,0.000237066666667
40249.6666666667,0.000338666666667
40249.7083333333,0.000440266666667
40249.75,0.000474133333333
40249.7916666667,0.000575733333333
40249.8333333333,0.000677333333333
40249.875,0.000846666666667
40249.9166666667,0.0009144
40249.9583333333,0.000982133333333
40250,0.001185333333333
40250.0416666667,0.001083733333333
40250.0833333333,0.0009144
40250.125,0.001083733333333
40250.1666666667,0.000982133333333
40250.2083333333,0.0009144
40250.25,0.000846666666667
40250.2916666667,0.000948266666667
40250.3333333333,0.000982133333333
40250.375,0.000846666666667
40250.4583333333,0.0008128
40250.5,0.0008128
40250.5416666667,0.001253066666667
40250.5833333333,0.001354666666667
40250.625,0.001354666666667
40250.6666666667,0.001286933333333
40250.7083333333,0.0011176
40250.75,0.001016
40250.9583333333,0.000948266666667
40251,0.000948266666667
40251.0416666667,0.000948266666667
40251.0833333333,0.000270933333333
40251.125,0.000135466666667
40251.1666666667,0.000135466666667
40251.2083333333,0.0001016
40251.375,0.000135466666667
40251.4166666667,0.000135466666667
40251.5416666667,0.000135466666667
40251.625,0.000169333333333
40251.6666666667,0.000237066666667
40251.875,0.000237066666667
40251.9166666667,0.0002032
40252.0833333333,0.000169333333333
40252.125,0.000169333333333
40252.1666666667,0.000135466666667
40252.2083333333,0.000135466666667
40252.25,0.000135466666667
40252.2916666667,0.0001016
40252.375,3.38666666667E-05
40252.4166666667,3.38666666667E-05
40252.4583333333,0
40252.5,0
40252.5416666667,0
40252.5833333333,0
40252.625,0
40252.6666666667,0
40252.7083333333,0
40252.75,6.77333333333E-05
40252.7916666667,0.000677333333333
40252.8333333333,0.000778933333333
40252.875,0.000778933333333
40259.0833333333,0.000778933333333
40259.125,0.000948266666667
40259.2083333333,0.0017272
40259.25,0.001794933333333
40259.375,0.001794933333333
40259.4166666667,0.0017272
40259.4583333333,0.001151466666667
40259.5,0.001049866666667
40259.5416666667,0.001049866666667
40259.5833333333,0.001049866666667
40259.625,0.0009144
40259.6666666667,0.000135466666667
40260.375,0.0001016
40260.7083333333,0.0002032
40260.75,0.000372533333333
40262.7083333333,0.000474133333333
40262.7916666667,0.000643466666667
40262.8333333333,0.000677333333333
40262.875,0.000880533333333
40262.9166666667,0.000846666666667
40262.9583333333,0.000982133333333
40263,0.001049866666667
40263.0416666667,0.000982133333333
40263.0833333333,0.0008128
40263.125,0.000677333333333
40263.1666666667,0.000508
40263.2083333333,0.000474133333333
40263.25,0.000677333333333
40263.2916666667,0.001557866666667
40263.3333333333,0.001794933333333
40263.375,0.002472266666667
40263.4166666667,0.002709333333333
40265.4166666667,0.002777066666667
40265.4583333333,0.002878666666667
40265.75,0.002912533333333
40265.7916666667,0.0029464
40265.8333333333,0.002607733333333
40265.875,0.001761066666667
40265.9166666667,0.001456266666667
40265.9583333333,0.0008128
40266,0.0006096
40266.0416666667,0.0006096
40266.0833333333,0.000541866666667
40266.125,0.000541866666667
40266.2083333333,0.000508
40266.25,0.000440266666667
40266.2916666667,0.0004064
40266.3333333333,0.000338666666667
40266.375,0.0002032
40266.4583333333,0.000135466666667
40266.5,6.77333333333E-05
40266.5416666667,3.38666666667E-05
40266.9583333333,3.38666666667E-05
40267,6.77333333333E-05
40267.0416666667,6.77333333333E-05
40267.0833333333,6.77333333333E-05
40267.125,6.77333333333E-05
40267.1666666667,6.77333333333E-05
40267.2916666667,6.77333333333E-05
40267.7916666667,6.77333333333E-05
40267.8333333333,6.77333333333E-05
40267.875,3.38666666667E-05
40267.9166666667,0.000440266666667
40267.9583333333,0.0007112
40268,0.001354666666667
40268.0416666667,0.001761066666667
40268.0833333333,0.002099733333333
40268.125,0.002302933333333
40269,0.0023368
40276.75,0.0023368
40276.7916666667,0.0023368
40276.8333333333,0.001896533333333
40276.875,0.0016256
40276.9166666667,0.001016
40276.9583333333,0.000643466666667
40277,0.000440266666667
40277.0416666667,0.0003048
40277.0833333333,0.000270933333333
40277.125,0.0003048
40281.375,0.000372533333333
40281.4166666667,0.0004064
40281.4583333333,0.0004064
40281.5,0.000372533333333
40281.5416666667,0.000338666666667
40281.5833333333,0.0002032
40281.625,0.000135466666667
40281.6666666667,0.000135466666667
40281.7083333333,0.0001016
40281.75,3.38666666667E-05
40284.6666666667,0.0001016
40284.75,0.000169333333333
40284.7916666667,0.000338666666667
40284.8333333333,0.000508
40284.875,0.000508
40284.9583333333,0.000508
40285,0.000541866666667
40289.2916666667,0.000677333333333
40289.3333333333,0.000745066666667
40289.375,0.000643466666667
40289.4166666667,0.000575733333333
40289.4583333333,0.000440266666667
40289.5,0.000270933333333
40289.5416666667,0.000270933333333
40289.5833333333,0.000270933333333
40289.625,0.000237066666667
40289.6666666667,0.0001016
40289.7083333333,0.000169333333333
40292.4166666667,0.000338666666667
40292.4583333333,0.000372533333333
40292.5,0.000338666666667
40292.7083333333,0.000372533333333
40292.7916666667,0.000440266666667
40292.8333333333,0.000440266666667
40292.9166666667,0.000508
40292.9583333333,0.000541866666667
40293,0.000440266666667
40293.0416666667,0.000338666666667
40293.0833333333,0.0003048
40293.125,0.0003048
40293.2083333333,0.000270933333333
40293.25,0.0002032
40293.9166666667,0.000541866666667
40293.9583333333,0.000474133333333
40294,0.000508
40294.0416666667,0.000541866666667
40294.25,0.000508
40294.2916666667,0.000575733333333
40294.3333333333,0.0006096
40294.375,0.0006096
40294.4166666667,0.000643466666667
40294.4583333333,0.000575733333333
40294.625,0.000575733333333
40294.6666666667,0.000508
40294.7083333333,0.000440266666667
40294.75,0.0004064
40294.7916666667,0.000338666666667
40294.8333333333,0.0003048
40294.875,0.0004064
40294.9166666667,0.000846666666667
40295.1666666667,0.0007112
40295.2083333333,0.000745066666667
40299,0.000745066666667
40300.125,0.000778933333333
40300.1666666667,0.000778933333333
40301.125,0.000778933333333
40301.1666666667,0.000778933333333
40301.2083333333,0.0007112
40301.25,0.000372533333333
40301.2916666667,0.000440266666667
40301.3333333333,0.0004064
40301.7083333333,0.0004064
40301.75,0.000372533333333
40306.3333333333,0.000372533333333
40309.4166666667,0.000372533333333
40309.4583333333,0.000372533333333
40309.5,0.000338666666667
40309.5416666667,0.0002032
40309.5833333333,0.000372533333333
40309.625,0.000474133333333
40309.6666666667,0.000474133333333
40309.7083333333,0.000474133333333
40310.6666666667,0.000508
40310.7083333333,0.000575733333333
40310.75,0.000575733333333
40310.8333333333,0.000575733333333
40312.7083333333,0.000575733333333
40312.7916666667,0.0002032
40315.0833333333,0.0002032
40315.125,0.0004064
40315.1666666667,0.000541866666667
40315.2083333333,0.000541866666667
40315.25,0.000508
40315.2916666667,0.000508
40315.3333333333,0.000508
40315.375,0.000575733333333
40315.4166666667,0.000778933333333
40315.4583333333,0.001083733333333
40315.5,0.0011176
40315.5416666667,0.0011176
40315.5833333333,0.001083733333333
40315.625,0.001049866666667
40315.6666666667,0.001049866666667
40315.7083333333,0.001049866666667
40315.75,0.000982133333333
40315.7916666667,0.000778933333333
40315.8333333333,0.000372533333333
40315.875,0.000135466666667
40315.9166666667,3.38666666667E-05
40315.9583333333,0.000270933333333
40316,0.000474133333333
40316.0416666667,0.000474133333333
40316.0833333333,0.000541866666667
40316.125,0.000643466666667
40316.1666666667,0.000643466666667
40316.2083333333,0.000643466666667
40316.25,0.000643466666667
40316.2916666667,0.000643466666667
40316.3333333333,0.0004064
40316.375,0.001354666666667
40320.6666666667,0.001998133333333
40320.7083333333,0.002099733333333
40320.75,0.002032
40320.7916666667,0.002167466666667
40320.875,0.002167466666667
40320.9583333333,0.002201333333333
40321,0.002167466666667
40321.0416666667,0.002167466666667
40321.0833333333,0.001016
40321.125,0.000372533333333
40321.1666666667,0.0002032
40321.2083333333,0.000270933333333
40321.5416666667,0.000880533333333
40321.7083333333,0.0009144
40322.2083333333,0.000880533333333
40322.25,0.001016
40323.4583333333,0.001016
40325.7083333333,0.001049866666667
40325.8333333333,0.001998133333333
40325.875,0.001998133333333
40325.9166666667,0.001896533333333
40325.9583333333,0.001151466666667
40326,0.0011176
40326.0416666667,0.0013208
40326.0833333333,0.001185333333333
40326.7916666667,0.002302933333333
40326.8333333333,0.002269066666667
40326.875,0.0013208
40330,0.0014224
40330.3333333333,0.0014224
40330.5,0.0014224
40330.5416666667,0.0014224
40332.625,0.0012192
40332.6666666667,0.0012192
40332.7083333333,0.0001016
40335.5416666667,0.0003048
40335.5833333333,0.0003048
40338.2083333333,0.0002032
40338.25,0.000372533333333
40338.2916666667,0.000372533333333
40338.3333333333,0.000372533333333
40338.4583333333,0.000372533333333
40338.5,0.000474133333333
40338.5416666667,0.000677333333333
40338.5833333333,0.001083733333333
40338.625,0.0011176
40339.125,0.0011176
40341.6666666667,0.000948266666667
40341.7083333333,0.000948266666667
40343.625,0.000982133333333
40343.7083333333,0.000982133333333
40343.75,0.0009144
40343.7916666667,0.0007112
40344.5,0.000948266666667
40344.5416666667,0.0009144
40344.9166666667,0.0009144
40344.9583333333,0.0009144
40345.3333333333,0.003589866666667
40345.375,0.003556
40345.4583333333,0.003623733333333
40345.7083333333,0.0037592
40351.7916666667,0.004538133333333
40353.625,0.0049784
40353.6666666667,0.00508
40357.5416666667,0.005520266666667
40357.5833333333,0.0062992
40360,0.0037592
40368.9166666667,0.004030133333333
40369.125,0.0039624
40369.1666666667,0.003793066666667
40369.2083333333,0.003014133333333
40369.25,0.0017272
40369.2916666667,0.0016256
40369.3333333333,0.001524
40369.375,0.000778933333333
40369.4166666667,0.000643466666667
40369.4583333333,0.001354666666667
40369.5,0.001354666666667
40369.5416666667,0.001490133333333
40371.5416666667,0.001490133333333
40371.5833333333,0.0018288
40371.625,0.004910666666667
40371.6666666667,0.0073152
40371.7083333333,0.008365066666667
40371.875,0.008365066666667
40371.9166666667,0.007382933333333
40372,0.007382933333333
40372.0416666667,0.007247466666667
40372.75,0.007247466666667
40372.7916666667,0.0069088
40372.9583333333,0.003826933333333
40373,0.001151466666667
40373.0416666667,6.77333333333E-05
40373.2916666667,0.0001016
40373.3333333333,0.0001016
40373.375,0.0001016
40373.4166666667,0.0001016
40373.4583333333,0.0001016
40373.5,0.0002032
40373.7083333333,0.0002032
40375.9166666667,0.000135466666667
40375.9583333333,0.000135466666667
40377.875,0.0001016
40377.9166666667,0.0001016
40378.4166666667,0.0001016
40378.4583333333,0.0012192
40378.7083333333,0.002269066666667
40378.75,0.0041656
40379.7916666667,0.004538133333333
40379.8333333333,0.004538133333333
40380.1666666667,0.004538133333333
40380.2083333333,0.004572
40380.4583333333,0.004605866666667
40384.5833333333,0.004707466666667
40384.625,0.003589866666667
40388.5416666667,0.00254
40388.5833333333,0.000541866666667
40388.75,0.000169333333333
40390.9583333333,0.000169333333333
40391,0.000169333333333
40391.0416666667,0.000135466666667
40391.0833333333,0.000372533333333
40391.5,0.000270933333333
40391.5416666667,0.001083733333333
40391.5833333333,0.001456266666667
40392.1666666667,0.001693333333333
40392.2083333333,0.001794933333333
40392.375,0.001862666666667
40394.0833333333,0.0028448
40394.125,0.004639733333333
40394.1666666667,0.0043688
40395.5833333333,0.0043688
40395.625,0.0038608
40395.6666666667,0.003725333333333
40395.7083333333,0.003488266666667
40395.75,0.003386666666667
40402.25,0.003725333333333
40402.2916666667,0.0029464
40402.5833333333,0.001151466666667
40402.625,0.001151466666667
40402.7083333333,0.001151466666667
40402.75,0.000846666666667
40402.7916666667,0.0006096
40403.0833333333,0.0007112
40403.125,0.000880533333333
40403.1666666667,0.000745066666667
40403.2083333333,0.000541866666667
40403.25,0.000541866666667
40403.2916666667,0.000541866666667
40403.3333333333,0.000880533333333
40403.5416666667,0.0009144
40405.375,0.001083733333333
40405.4166666667,0.001693333333333
40405.4583333333,0.001591733333333
40405.5,0.001354666666667
40408.0416666667,0.001456266666667
40408.0833333333,0.0016256
40408.125,0.001659466666667
40408.1666666667,0.0014224
40408.2083333333,0.001388533333333
40408.25,0.0012192
40408.2916666667,0.000508
40408.3333333333,0.000440266666667
40408.375,0.0004064
40408.4166666667,0.0003048
40408.4583333333,0.000135466666667
40408.625,0.000372533333333
40408.6666666667,0.0004064
40408.7083333333,0.000508
40408.75,0.000508
40408.7916666667,0.000508
40411.7916666667,0.000508
40411.9583333333,0.000508
40412.25,0.000508
40412.2916666667,0.000508
40412.5416666667,0.000237066666667
40412.5833333333,0.000474133333333
40413.75,0.000982133333333
40413.7916666667,0.001151466666667
40413.8333333333,0.002099733333333
40414,0.002099733333333
40414.0416666667,0.0021336
40422,0.0022352
40433.0416666667,0.0022352
40433.0833333333,0.002269066666667
40433.125,0.001896533333333
40433.1666666667,0.001286933333333
40433.2083333333,0.0011176
40433.25,0.000169333333333
40433.2916666667,0.0002032
40433.3333333333,0.0002032
40433.375,0.000135466666667
40433.4166666667,0.000135466666667
40433.4583333333,0.000135466666667
40437.5833333333,0.000135466666667
40437.625,0.000135466666667
40437.6666666667,0.000135466666667
40437.7083333333,0.000169333333333
40437.75,0.000135466666667
40437.7916666667,0.0001016
40437.8333333333,6.77333333333E-05
40438,0.000372533333333
40447.25,0.000338666666667
40447.2916666667,0.0004064
40447.3333333333,0.000440266666667
40447.375,0.000541866666667
40447.4166666667,0.000508
40447.4583333333,0.000677333333333
40447.8333333333,0.000745066666667
40447.9583333333,0.000745066666667
40448,0.000474133333333
40448.0416666667,0.000508
40448.0833333333,0.000474133333333
40448.125,0.000440266666667
40448.1666666667,0.000338666666667
40448.2083333333,0.000372533333333
40448.25,0.0002032
40448.2916666667,0.0002032
40448.4166666667,0.000237066666667
40448.4583333333,0.0002032
40448.5,0.000169333333333
40448.5416666667,0.000135466666667
40448.5833333333,0.000135466666667
40448.75,0.000135466666667
40448.7916666667,0.0001016
40448.8333333333,0.000169333333333
40448.875,0.000135466666667
40449,0.000135466666667
40449.0833333333,0.000135466666667
40449.125,0.000135466666667
40449.1666666667,0.0002032
40450.4166666667,0.000846666666667
40450.4583333333,0.001185333333333
40450.5,0.001388533333333
40450.5416666667,0.001964266666667
40450.5833333333,0.003589866666667
40450.625,0.004436533333333
40450.6666666667,0.005588
40450.875,0.006062133333333
40450.9166666667,0.0062992
40450.9583333333,0.0061976
40451,0.006265333333333
40451.0416666667,0.008128
40451.0833333333,0.007958666666667
40451.125,0.006366933333333
40451.1666666667,0.005554133333333
40451.2083333333,0.004402666666667
40451.25,0.003928533333333
40451.2916666667,0.0036576
40451.3333333333,0.003522133333333
40451.375,0.004301066666667
40451.4166666667,0.00508
40451.4583333333,0.005655733333333
40451.5,0.0067056
40451.5833333333,0.006841066666667
40451.6666666667,0.006841066666667
40451.7083333333,0.006841066666667
40451.75,0.0068072
40451.7916666667,0.0064008
40451.8333333333,0.005317066666667
40451.875,0.002472266666667
40451.9166666667,0.0016256
40451.9583333333,0.000745066666667
40452,0.000846666666667
40452.0416666667,0.000880533333333
40452.0833333333,0.0012192
40452.125,0.001354666666667
40452.1666666667,0.001456266666667
40454.6666666667,0.001524
40454.7083333333,0.001659466666667
40454.75,0.001456266666667
40454.7916666667,0.0014224
40454.8333333333,0.0012192
40454.875,0.001286933333333
40454.9166666667,0.001049866666667
40454.9583333333,0.001083733333333
40455,0.0012192
40455.0416666667,0.0011176
40455.0833333333,0.000982133333333
40455.125,0.000982133333333
40455.1666666667,0.000778933333333
40455.2083333333,0.000677333333333
40455.25,0.000575733333333
40455.2916666667,0.000474133333333
40455.3333333333,0.0004064
40455.375,0.000169333333333
40455.4166666667,0.000169333333333
40455.4583333333,0.000778933333333
40455.5,0.001286933333333
40456.9583333333,0.0014224
40457,0.00254
40457.8333333333,0.003793066666667
40457.875,0.004301066666667
40465.2083333333,0.0042672
40465.25,0.0042672
40465.2916666667,0.004199466666667
40465.3333333333,0.003623733333333
40465.375,0.003115733333333
40465.4166666667,0.002980266666667
40465.4583333333,0.001896533333333
40465.5,0.000677333333333
40465.5416666667,0.000169333333333
40465.5833333333,0.0001016
40465.75,0.0001016
40469.9166666667,0.000237066666667
40469.9583333333,0.000338666666667
40470.25,0.000372533333333
40471.5,0.000541866666667
40471.5416666667,0.001083733333333
40476.5,0.0013208
40476.5416666667,0.001524
40477.9166666667,0.0017272
40478,0.0017272
40478.0416666667,0.002607733333333
40478.0833333333,0.004030133333333
40478.125,0.003996266666667
40478.1666666667,0.003826933333333
40478.2083333333,0.0032512
40478.25,0.002980266666667
40478.2916666667,0.002912533333333
40478.3333333333,0.002912533333333
40478.4583333333,0.003014133333333
40478.5,0.002099733333333
40478.5416666667,0.000643466666667
40478.6666666667,0.0008128
40483,0.001388533333333
40485.8333333333,0.001862666666667
40485.875,0.002201333333333
40485.9166666667,0.002404533333333
40485.9583333333,0.002404533333333
40486,0.0026416
40486.0416666667,0.003014133333333
40486.0833333333,0.0033528
40486.125,0.0033528
40486.1666666667,0.0029464
40486.2083333333,0.0027432
40486.25,0.0026416
40486.2916666667,0.002302933333333
40486.3333333333,0.002099733333333
40486.375,0.001761066666667
40486.4166666667,0.001286933333333
40486.4583333333,0.000880533333333
40486.5,0.0007112
40486.5416666667,0.000541866666667
40486.5833333333,0.000270933333333
40486.625,3.38666666667E-05
40486.6666666667,0.0001016
40486.7083333333,0.000372533333333
40486.7916666667,0.0006096
40486.8333333333,0.0006096
40486.875,0.000643466666667
40487.0833333333,0.000677333333333
40487.125,0.000677333333333
40487.1666666667,0.000745066666667
40497.875,0.000846666666667
40497.9166666667,0.000778933333333
40497.9583333333,0.000508
40498,0.000372533333333
40498.0416666667,0.000541866666667
40498.0833333333,0.000541866666667
40498.125,0.000508
40498.1666666667,0.000541866666667
40498.2083333333,0.000474133333333
40498.25,0.000474133333333
40498.2916666667,0.000575733333333
40498.3333333333,0.000745066666667
40498.375,0.000643466666667
40498.4166666667,0.000474133333333
40498.4583333333,0.000440266666667
40498.5,0.000440266666667
40498.5416666667,0.0004064
40498.5833333333,0.001049866666667
40498.625,0.001083733333333
40498.6666666667,0.000982133333333
40498.7083333333,0.0008128
40498.75,0.0008128
40498.7916666667,0.0008128
40498.8333333333,0.000778933333333
40498.875,0.000778933333333
40499,0.000778933333333
40499.0416666667,0.0002032
40499.0833333333,6.77333333333E-05
40504.125,0.0001016
40504.1666666667,0.0001016
40505.625,0.0001016
40505.6666666667,0.0001016
40507.0833333333,0.0001016
40507.125,0.0001016
40507.1666666667,0.000135466666667
40507.2083333333,6.77333333333E-05
40507.25,6.77333333333E-05
40507.2916666667,3.38666666667E-05
40507.3333333333,3.38666666667E-05
40507.375,3.38666666667E-05
40508.1666666667,3.38666666667E-05
40508.25,6.77333333333E-05
40508.2916666667,0.0001016
40508.3333333333,6.77333333333E-05
40508.375,6.77333333333E-05
40508.4166666667,6.77333333333E-05
40508.4583333333,0.0001016
40508.5,0.0001016
40512.25,0.0001016
40512.2916666667,0.0001016
40512.3333333333,6.77333333333E-05
40512.375,3.38666666667E-05
40512.4166666667,3.38666666667E-05
40512.75,0.0003048
40512.7916666667,0.000880533333333
40512.8333333333,0.001253066666667
40512.875,0.0014224
40512.9166666667,0.0024384
40513,0.0026416
40513.125,0.0026416
40513.1666666667,0.0026416
40513.2083333333,0.0026416
40513.25,0.002370666666667
40513.2916666667,0.001794933333333
40513.3333333333,0.001388533333333
40513.375,0.0012192
40513.4166666667,0.000270933333333
40513.4583333333,0.000135466666667
40522.4166666667,0.000169333333333
40522.4583333333,0.000237066666667
40523.7083333333,0.000372533333333
40523.75,0.000474133333333
40523.7916666667,0.000880533333333
40523.8333333333,0.001185333333333
40523.875,0.0012192
40523.9166666667,0.001185333333333
40523.9583333333,0.001151466666667
40524,0.001151466666667
40524.0416666667,0.0011176
40524.0833333333,0.0012192
40524.125,0.001354666666667
40524.1666666667,0.001354666666667
40524.2083333333,0.001524
40524.25,0.001557866666667
40524.2916666667,0.001524
40524.3333333333,0.001490133333333
40524.5,0.001456266666667
40524.5416666667,0.0014224
40524.5833333333,0.001185333333333
40524.625,0.000948266666667
40524.6666666667,0.000541866666667
40524.7083333333,6.77333333333E-05
40524.75,0
40524.7916666667,0
40525.0833333333,0
40525.125,0
40525.1666666667,0
40525.2083333333,0
40525.25,0.0001016
40525.2916666667,0.000237066666667
40525.8333333333,0.000372533333333
40525.875,0.000541866666667
40525.9583333333,0.000575733333333
40526,0.000575733333333
40526.0416666667,0.000575733333333
40528.375,0.000575733333333
40528.4166666667,0.000575733333333
40528.4583333333,0.000474133333333
40528.5,0.000338666666667
40528.5416666667,0.0002032
40528.5833333333,3.38666666667E-05
40528.625,0
40528.6666666667,0
40528.7083333333,0
40528.75,0
40537.375,0
40537.4166666667,0
40537.5,0
40537.5416666667,0
40537.9583333333,0
40538,0
40538.0416666667,0
40538.4166666667,3.38666666667E-05
40538.4583333333,3.38666666667E-05
40538.5,3.38666666667E-05
40538.5416666667,3.38666666667E-05
40538.5833333333,3.38666666667E-05
40538.625,3.38666666667E-05
40538.6666666667,3.38666666667E-05
40538.7083333333,3.38666666667E-05
40538.75,3.38666666667E-05
40538.7916666667,3.38666666667E-05
40538.8333333333,3.38666666667E-05
40538.875,3.38666666667E-05
40538.9166666667,3.38666666667E-05
40538.9583333333,3.38666666667E-05
40539,3.38666666667E-05
40544,6.77333333333E-05
40544.7083333333,6.77333333333E-05
40544.75,6.77333333333E-05
40544.7916666667,0.0001016
40545.1666666667,0.000135466666667
40545.2083333333,0.0002032
40545.2916666667,0.0002032
40545.3333333333,0.0002032
40545.375,0.0002032
40545.4583333333,0.000169333333333
40545.5,0.000169333333333
40545.5416666667,0.000169333333333
40545.5833333333,0.0001016
40545.625,6.77333333333E-05
40549.9583333333,0
40550,0
40550.2083333333,0
40551,6.77333333333E-05
40551.0416666667,6.77333333333E-05
40551.0833333333,6.77333333333E-05
40551.125,6.77333333333E-05
40551.1666666667,6.77333333333E-05
40551.2083333333,6.77333333333E-05
40551.25,0.0001016
40551.2916666667,0.000135466666667
40551.3333333333,0.0003048
40551.375,0.000270933333333
40554.4583333333,0.000372533333333
40554.5,0.000372533333333
40554.5416666667,0.000372533333333
40554.5833333333,0.000372533333333
40554.7083333333,0.000372533333333
40554.75,0.0004064
40554.7916666667,0.000575733333333
40554.8333333333,0.0006096
40554.875,0.0009144
40554.9166666667,0.001083733333333
40554.9583333333,0.001253066666667
40560.75,0.0014224
40560.7916666667,0.001456266666667
40560.8333333333,0.001456266666667
40560.875,0.001388533333333
40560.9166666667,0.001185333333333
40560.9583333333,0.000982133333333
40561,0.000677333333333
40561.0416666667,0.0004064
40561.0833333333,0.000270933333333
40561.125,0.0001016
40561.1666666667,6.77333333333E-05
40561.2083333333,6.77333333333E-05
40561.25,0.0001016
40561.2916666667,0.0001016
40562,0.000135466666667
40562.0416666667,0.000372533333333
40562.0833333333,0.000474133333333
40563.9583333333,0.0007112
40564,0.000778933333333
40564.0416666667,0.000982133333333
40564.0833333333,0.0011176
40564.125,0.001185333333333
40569.0833333333,0.001185333333333
40569.125,0.001151466666667
40569.1666666667,0.000880533333333
40569.2083333333,0.000778933333333
40569.25,0.000575733333333
40569.2916666667,0.001456266666667
40569.3333333333,0.001998133333333
40569.375,0.002404533333333
40569.4166666667,0.002675466666667
40569.4583333333,0.003048
40569.5,0.0037592
40569.5416666667,0.003928533333333
40569.5833333333,0.0039624
40569.625,0.003894666666667
40569.6666666667,0.0029464
40569.7083333333,0.002269066666667
40569.75,0.001862666666667
40569.7916666667,0.001490133333333
40569.8333333333,0.001151466666667
40569.875,0.000440266666667
40569.9166666667,0.000270933333333
40569.9583333333,0.000237066666667
40571.375,0.000237066666667
40571.4166666667,0.000237066666667
40571.4583333333,0.000169333333333
40571.5,3.38666666667E-05
40571.5416666667,3.38666666667E-05
40571.5833333333,0
40574.7916666667,0
40574.8333333333,0
40574.875,0
40575,0
40575.125,0.000169333333333
40575.1666666667,0.000338666666667
40575.2083333333,0.000677333333333
40575.25,0.001388533333333
40575.2916666667,0.002201333333333
40575.3333333333,0.0023368
40575.375,0.002404533333333
40575.7916666667,0.00254
40575.9166666667,0.002573866666667
40575.9583333333,0.002404533333333
40576,0.0022352
40576.0416666667,0.001896533333333
40576.0833333333,0.001185333333333
40576.125,0.000372533333333
40576.1666666667,0.000270933333333
40576.2083333333,0.0002032
40576.25,6.77333333333E-05
40576.2916666667,6.77333333333E-05
40576.3333333333,0.000169333333333
40579.0416666667,0.000270933333333
40579.0833333333,0.000338666666667
40579.125,0.000372533333333
40579.1666666667,0.0004064
40579.2083333333,0.000372533333333
40579.25,0.0004064
40579.2916666667,0.0004064
40579.3333333333,0.000372533333333
40579.375,0.0003048
40579.4166666667,0.000237066666667
40579.4583333333,0.000169333333333
40579.5,0.000135466666667
40579.5416666667,0.0001016
40579.5833333333,0.000135466666667
40579.625,0.0001016
40579.6666666667,0.0001016
40579.7916666667,0.0001016
40582.0833333333,6.77333333333E-05
40582.125,3.38666666667E-05
40583.75,3.38666666667E-05
40583.7916666667,6.77333333333E-05
40583.8333333333,6.77333333333E-05
40583.875,3.38666666667E-05
40583.9166666667,3.38666666667E-05
40583.9583333333,6.77333333333E-05
40584,6.77333333333E-05
40594.7916666667,6.77333333333E-05
40595.4583333333,0.0001016
40595.5,0.000338666666667
40595.625,0.000440266666667
40595.6666666667,0.000541866666667
40595.7083333333,0.000643466666667
40595.75,0.000643466666667
40595.7916666667,0.0006096
40595.8333333333,0.000643466666667
40595.875,0.000643466666667
40595.9166666667,0.0006096
40595.9583333333,0.000372533333333
40596,0.000237066666667
40596.0416666667,0.000135466666667
40596.0833333333,3.38666666667E-05
40596.125,3.38666666667E-05
40596.1666666667,3.38666666667E-05
40596.2083333333,0.0001016
40596.25,0.0002032
40598.625,0.0002032
40598.6666666667,0.0002032
40598.7083333333,0.000508
40598.75,0.000846666666667
40598.7916666667,0.000982133333333
40598.875,0.000982133333333
40598.9166666667,0.001016
40598.9583333333,0.0009144
40599,0.0009144
40599.2083333333,0.000982133333333
40599.25,0.0013208
40599.2916666667,0.001083733333333
40599.3333333333,0.000745066666667
40599.375,0.0006096
40599.4166666667,0.001049866666667
40599.5,0.001083733333333
40599.5416666667,0.0013208
40602,0.001557866666667
40602.0416666667,0.001862666666667
40602.0833333333,0.001794933333333
40602.25,0.001761066666667
40602.4583333333,0.001761066666667
40602.5,0.001761066666667
40602.5416666667,0.0013208
40602.5833333333,0.001253066666667
40602.625,0.001016
40602.6666666667,0.000677333333333
40602.7083333333,0.000338666666667
40602.75,0.000372533333333
40602.7916666667,0.000474133333333
40602.8333333333,0.000508
40602.875,0.000541866666667
40602.9166666667,0.001151466666667
40603,0.002506133333333
40607.25,0.003386666666667
40608.25,0.0036576
40608.2916666667,0.0037592
40608.3333333333,0.003522133333333
40608.4166666667,0.0038608
40608.4583333333,0.0041656
40608.5833333333,0.0041656
40608.625,0.003556
40608.6666666667,0.002269066666667
40608.7083333333,0.001388533333333
40608.75,0.0011176
40608.7916666667,0.000982133333333
40608.8333333333,0.000982133333333
40608.875,0.000575733333333
40608.9166666667,0.000474133333333
40608.9583333333,0.0006096
40609,0.000778933333333
40609.0416666667,0.000948266666667
40609.0833333333,0.0013208
40611.875,0.0018288
40611.9166666667,0.002099733333333
40611.9583333333,0.0021336
40612,0.002370666666667
40612.0416666667,0.002302933333333
40612.0833333333,0.002269066666667
40612.125,0.002404533333333
40612.1666666667,0.0022352
40612.2083333333,0.002099733333333
40612.25,0.001659466666667
40612.2916666667,0.001557866666667
40612.3333333333,0.001896533333333
40612.375,0.001591733333333
40612.4166666667,0.001524
40612.4583333333,0.001761066666667
40612.5,0.001524
40612.5416666667,0.001659466666667
40612.5833333333,0.001490133333333
40612.625,0.0014224
40612.6666666667,0.001253066666667
40612.7083333333,0.000846666666667
40612.75,0.000846666666667
40612.7916666667,0.000778933333333
40612.8333333333,0.0004064
40612.875,0.000508
40612.9166666667,0.000541866666667
40612.9583333333,0.000474133333333
40613,0.000846666666667
40613.0416666667,0.001862666666667
40613.0833333333,0.002099733333333
40613.125,0.002201333333333
40617.7916666667,0.002167466666667
40617.8333333333,0.002167466666667
40617.875,0.001998133333333
40617.9166666667,0.001761066666667
40617.9583333333,0.0023368
40618,0.002032
40618.0416666667,0.001016
40618.0833333333,0.000745066666667
40622.9166666667,0.000677333333333
40622.9583333333,0.000677333333333
40623,0.000677333333333
40623.2083333333,0.000677333333333
40623.25,0.000677333333333
40623.2916666667,0.0001016
40624.9166666667,3.38666666667E-05
40624.9583333333,3.38666666667E-05
40625,3.38666666667E-05
40625.0416666667,0.0006096
40625.0833333333,0.0014224
40625.125,0.0014224
40625.1666666667,0.0014224
40625.2083333333,0.0014224
40625.5,0.0014224
40625.5416666667,0.001591733333333
40625.75,0.001591733333333
40625.7916666667,0.001591733333333
40625.8333333333,0.000982133333333
40625.875,0.000169333333333
40625.9166666667,0.000169333333333
40625.9583333333,0.000237066666667
40626.25,0.000237066666667
40626.2916666667,0.000237066666667
40626.3333333333,6.77333333333E-05
40629,0.0001016
40629.0416666667,0.000135466666667
40629.0833333333,0.000169333333333
40629.125,0.000338666666667
40629.1666666667,0.000372533333333
40629.2083333333,0.0004064
40629.25,0.000440266666667
40629.2916666667,0.000474133333333
40632.5833333333,0.000508
40632.625,0.000474133333333
40632.6666666667,0.000440266666667
40632.7083333333,0.0004064
40632.75,0.000270933333333
40632.7916666667,0.000237066666667
40632.8333333333,0.000135466666667
40632.875,0.0001016
40632.9166666667,6.77333333333E-05
40632.9583333333,3.38666666667E-05
40633,3.38666666667E-05
40633.0416666667,3.38666666667E-05
40633.0833333333,3.38666666667E-05
40633.125,0
40633.1666666667,0
40633.2083333333,0
40633.25,0
40633.2916666667,0
40633.375,0
40633.4166666667,0
40633.4583333333,0
40633.5,0.0001016
40633.5416666667,0.000270933333333
40633.5833333333,0.000270933333333
40633.625,0.0003048
40633.7916666667,0.000372533333333
40633.8333333333,0.000372533333333
40633.875,0.000372533333333
40633.9166666667,0.000372533333333
40633.9583333333,0.000372533333333
40634,0.000270933333333
40634.0416666667,0.0001016
40634.0833333333,0.0001016
40634.125,0.0001016
40634.1666666667,0.0001016
40634.2083333333,0.000135466666667
40634.25,0.000135466666667
40634.2916666667,0.000135466666667
40635.25,0.000135466666667
40635.2916666667,0.000135466666667
40635.4583333333,0.000135466666667
40635.5,0.000880533333333
40635.5416666667,0.000880533333333
40635.5833333333,0.000846666666667
40635.625,0.0008128
40636.7916666667,0.000948266666667
40636.8333333333,0.001185333333333
40638,0.0012192
40638.0416666667,0.0014224
40638.125,0.0014224
40638.1666666667,0.0007112
40638.2083333333,0.0007112
40638.25,0.000677333333333
40638.2916666667,0.000677333333333
40638.3333333333,0.000541866666667
40638.375,0.000541866666667
40638.4166666667,0.000778933333333
40638.4583333333,0.0008128
40641.0833333333,0.0009144
40641.125,0.000880533333333
40641.25,0.000982133333333
40641.2916666667,0.0011176
40641.4583333333,0.0011176
40641.5,0.0011176
40641.5416666667,0.0009144
40641.5833333333,0.000643466666667
40641.625,0.0004064
40641.6666666667,0.0003048
40641.7083333333,0.0003048
40641.75,0.000169333333333
40641.8333333333,0.000440266666667
40642.0833333333,0.000508
40642.125,0.000508
40642.1666666667,0.000474133333333
40644.9166666667,0.000643466666667
40644.9583333333,0.000643466666667
40645.25,0.000643466666667
40645.2916666667,0.000846666666667
40645.3333333333,0.001151466666667
40645.375,0.0009144
40645.4166666667,0.000982133333333
40645.5,0.000982133333333
40645.5416666667,0.001016
40645.5833333333,0.000846666666667
40645.7083333333,0.001049866666667
40646.0416666667,0.001049866666667
40646.0833333333,0.000846666666667
40646.125,0.000541866666667
40646.1666666667,0.000372533333333
40646.2083333333,0.000237066666667
40646.25,0.000237066666667
40646.2916666667,0.0002032
40646.3333333333,0.0004064
40646.375,0.000643466666667
40646.4166666667,0.000778933333333
40646.4583333333,0.000880533333333
40646.5,0.000880533333333
40649.2083333333,0.000880533333333
40649.25,0.000880533333333
40649.2916666667,0.001286933333333
40649.3333333333,0.001490133333333
40649.375,0.001286933333333
40649.4166666667,0.000846666666667
40649.4583333333,0.0012192
40649.5,0.001151466666667
40649.5416666667,0.001151466666667
40649.5833333333,0.001151466666667
40649.625,0.001151466666667
40649.6666666667,0.000778933333333
40649.7083333333,0.000575733333333
40649.7916666667,0.000575733333333
40649.8333333333,0.000575733333333
40649.875,0.000169333333333
40649.9166666667,0.000338666666667
40649.9583333333,0.000372533333333
40652.375,0.0004064
40652.4166666667,0.000440266666667
40655.3333333333,0.000508
40655.375,0.0007112
40655.4166666667,0.000846666666667
40655.4583333333,0.0009144
40655.5,0.000846666666667
40655.5416666667,0.0007112
40655.5833333333,0.000745066666667
40655.625,0.000846666666667
40655.6666666667,0.0008128
40655.7083333333,0.000745066666667
40655.75,0.0006096
40655.7916666667,0.000541866666667
40655.8333333333,0.000474133333333
40655.875,0.000440266666667
40655.9166666667,0.000372533333333
40655.9583333333,0.0003048
40656,0.000169333333333
40656.0416666667,0.000745066666667
40656.0833333333,0.0007112
40656.125,0.002167466666667
40656.1666666667,0.0022352
40656.2083333333,0.002506133333333
40656.25,0.002506133333333
40656.2916666667,0.002506133333333
40656.9166666667,0.002506133333333
40657.7916666667,0.002506133333333
40657.8333333333,0.0019304
40657.875,0.001964266666667
40657.9166666667,0.000440266666667
40657.9583333333,0.0003048
40658,3.38666666667E-05
40659.875,3.38666666667E-05
40659.9166666667,3.38666666667E-05
40660.25,3.38666666667E-05
40660.7083333333,0.0001016
40660.75,0.000135466666667
40660.8333333333,0.0001016
40660.875,0.0001016
40660.9166666667,0.0001016
40661.1666666667,0.0001016
40661.2083333333,0.000135466666667
40661.3333333333,0.000135466666667
40661.375,0.000135466666667
40661.4166666667,6.77333333333E-05
40661.4583333333,3.38666666667E-05
40661.625,3.38666666667E-05
40661.6666666667,3.38666666667E-05
40664,3.38666666667E-05
40664.4166666667,0.0001016
40664.5,0.000135466666667
40664.5416666667,0.000270933333333
40664.5833333333,0.000474133333333
40664.625,0.0008128
40664.6666666667,0.001016
40664.7083333333,0.001151466666667
40665.2083333333,0.001286933333333
40666.9583333333,0.001456266666667
40667,0.001693333333333
40667.0416666667,0.001693333333333
40667.0833333333,0.001557866666667
40667.125,0.001354666666667
40667.1666666667,0.001151466666667
40667.2083333333,0.000948266666667
40667.25,0.0008128
40667.2916666667,0.000677333333333
40667.3333333333,0.000508
40667.375,0.0002032
40667.5833333333,0.000135466666667
40667.625,0.000135466666667
40667.7083333333,0.000135466666667
40669.75,0
40670.5416666667,0
40671.7083333333,0
40676.125,0
40676.2083333333,0
40676.25,0.0001016
40676.2916666667,0.000169333333333
40676.4166666667,0.000169333333333
40676.7083333333,0.000169333333333
40676.75,0.000169333333333
40676.9166666667,0.0004064
40676.9583333333,0.000982133333333
40677.25,0.001591733333333
40677.2916666667,0.0016256
40677.3333333333,0.001524
40677.4583333333,0.001456266666667
40677.5,0.001456266666667
40677.5416666667,0.001456266666667
40677.7916666667,0.002099733333333
40677.8333333333,0.001862666666667
40677.875,0.001286933333333
40677.9166666667,0.000677333333333
40677.9583333333,0.000643466666667
40678.1666666667,0.000643466666667
40678.2083333333,0.000643466666667
40678.7083333333,0.000643466666667
40679.625,0.000643466666667
40679.6666666667,0
40680,0
40680.0416666667,3.38666666667E-05
40680.0833333333,3.38666666667E-05
40680.125,0.000135466666667
40680.1666666667,0.000135466666667
40680.2083333333,0.000169333333333
40680.25,0.0002032
40680.375,0.000541866666667
40680.4166666667,0.000677333333333
40680.5,0.000677333333333
40680.7083333333,0.000677333333333
40681.0416666667,0.000677333333333
40681.0833333333,0.000575733333333
40681.125,0.000575733333333
40681.375,0.000541866666667
40681.4166666667,0.000508
40681.4583333333,0.000169333333333
40681.7916666667,0.000440266666667
40681.8333333333,0.000440266666667
40681.875,0.0004064
40681.9166666667,0.0004064
40682.4166666667,0.0004064
40682.4583333333,0.0004064
40682.5416666667,0.000474133333333
40682.5833333333,0.000474133333333
40682.875,0.000474133333333
40683.5,6.77333333333E-05
40683.5416666667,6.77333333333E-05
40683.6666666667,0.000169333333333
40685.5416666667,0.000169333333333
40686.0416666667,0.000169333333333
40686.0833333333,0.000169333333333
40686.125,0.0003048
40686.6666666667,0.0003048
40686.7083333333,0.0003048
40687.2916666667,0.0003048
40687.3333333333,0.0003048
40687.875,0.000575733333333
40687.9166666667,0.000745066666667
40688,0.000745066666667
40690.75,0.000745066666667
40690.7916666667,0.000541866666667
40691.5416666667,0.000541866666667
40695,0.000677333333333
40695.6666666667,0.000677333333333
40695.7083333333,0.000677333333333
40695.75,0.0003048
40699.2083333333,0.000372533333333
40703.8333333333,0.000372533333333
40703.875,0.000372533333333
40703.9583333333,0.0004064
40704,0.0004064
40704.0416666667,0.000270933333333
40704.7916666667,0.000372533333333
40705.6666666667,0.0004064
40706.6666666667,0.0004064
40706.7083333333,0.000169333333333
40708.6666666667,0.0016256
40710.25,0.002810933333333
40710.2916666667,0.002777066666667
40710.625,0.002810933333333
40710.6666666667,0.0034544
40710.7083333333,0.0033528
40710.75,0.003318933333333
40710.875,0.003318933333333
40710.9166666667,0.003318933333333
40710.9583333333,0.001896533333333
40711.625,0.0007112
40711.7083333333,0.0007112
40711.75,0.000677333333333
40711.7916666667,3.38666666667E-05
40712.9166666667,3.38666666667E-05
40712.9583333333,0.000135466666667
40713,0.000440266666667
40713.2916666667,0.0007112
40713.3333333333,0.000745066666667
40713.5,0.001083733333333
40713.5416666667,0.001151466666667
40714,0.001151466666667
40714.0416666667,0.001151466666667
40714.0833333333,0.001185333333333
40714.125,0.001083733333333
40714.1666666667,0.000778933333333
40714.2083333333,0.000508
40714.25,0.000440266666667
40714.2916666667,0.0001016
40714.4166666667,3.38666666667E-05
40715,6.77333333333E-05
40715.0416666667,0.0001016
40715.1666666667,6.77333333333E-05
40715.875,6.77333333333E-05
40716.1666666667,6.77333333333E-05
40717.4583333333,6.77333333333E-05
40717.5,6.77333333333E-05
40717.5416666667,6.77333333333E-05
40720.9583333333,0.000135466666667
40721,0.000474133333333
40721.0416666667,0.002099733333333
40721.0833333333,0.0023368
40721.2083333333,0.0029464
40721.25,0.0029464
40722.875,0.0029464
40725,0.0029464
40727.0833333333,0.0029464
40727.125,0.002878666666667
40727.1666666667,0.002607733333333
40727.2083333333,0.001049866666667
40727.7083333333,0.000846666666667
40727.75,0.000237066666667
40727.7916666667,0.000237066666667
40727.8333333333,0.0021336
40728.9166666667,0.002269066666667
40729.0416666667,0.002269066666667
40730.3333333333,0.002269066666667
40730.375,0.002167466666667
40730.4166666667,0.0052832
40730.4583333333,0.005588
40732.5833333333,0.0064008
40732.625,0.0064008
40732.6666666667,0.004504266666667
40732.7083333333,0.0043688
40732.9166666667,0.0048768
40737.5416666667,0.0048768
40737.5833333333,0.004944533333333
40737.625,0.0018288
40743.7083333333,0.001490133333333
40743.9166666667,0.000677333333333
40743.9583333333,0.000677333333333
40746.6666666667,0.000677333333333
40749.5,0.0007112
40749.5416666667,0.0002032
40749.5833333333,0.0002032
40749.625,0.000135466666667
40756,3.38666666667E-05
40758.2083333333,0.0002032
40758.25,0.000677333333333
40758.2916666667,0.000778933333333
40758.375,0.0009144
40758.4166666667,0.000880533333333
40758.4583333333,0.0009144
40758.5,0.0009144
40758.5416666667,0.0009144
40758.5833333333,0.0009144
40758.625,0.000778933333333
40758.75,0.000440266666667
40758.7916666667,0.000338666666667
40758.8333333333,0.0002032
40758.875,0.0002032
40758.9166666667,0.000169333333333
40758.9583333333,0.000169333333333
40759.0833333333,0.000169333333333
40759.125,0.001185333333333
40761.6666666667,0.002370666666667
40761.75,0.002269066666667
40761.7916666667,0.002269066666667
40761.8333333333,0.003014133333333
40761.875,0.003522133333333
40761.9583333333,0.003522133333333
40762,0.0036576
40762.625,0.0036576
40762.6666666667,0.002675466666667
40762.7083333333,0.001456266666667
40768.3333333333,0.0014224
40768.4583333333,0.0014224
40768.5,0.000677333333333
40768.5416666667,0.0002032
40768.625,0.0002032
40768.9583333333,0.0001016
40769,0.0001016
40769.0416666667,0.0001016
40769.0833333333,0.0001016
40769.125,0.002980266666667
40769.1666666667,0.004605866666667
40769.2083333333,0.004605866666667
40769.25,0.004572
40769.2916666667,0.004572
40769.3333333333,0.004538133333333
40769.375,0.004538133333333
40769.625,0.004504266666667
40769.875,0.004504266666667
40769.9166666667,0.0016256
40769.9583333333,0
40770,0.0002032
40773.6666666667,0.000270933333333
40773.7083333333,0.004402666666667
40773.75,0.005452533333333
40773.7916666667,0.005452533333333
40773.8333333333,0.006366933333333
40773.875,0.006366933333333
40773.9583333333,0.006366933333333
40774,0.006366933333333
40774.0416666667,0.006739466666667
40774.75,0.0074168
40774.7916666667,0.003318933333333
40774.8333333333,0.002269066666667
40776.5833333333,0.0023368
40777.0416666667,0.0014224
40777.0833333333,0.001456266666667
40780.4166666667,0.001524
40780.4583333333,0.001591733333333
40780.5,0.001286933333333
40780.5416666667,0.0009144
40780.625,0.001388533333333
40780.6666666667,0.002370666666667
40781.625,0.0033528
40781.6666666667,0.004741333333333
40782.375,0.0056896
40782.4166666667,0.0062992
40782.4583333333,0.0068072
40782.5,0.007450666666667
40782.5416666667,0.008398933333333
40782.5833333333,0.0089408
40782.625,0.009008533333333
40782.6666666667,0.008195733333333
40782.7083333333,0.006841066666667
40782.75,0.006265333333333
40782.7916666667,0.006129866666667
40782.8333333333,0.005588
40782.875,0.0046736
40782.9166666667,0.003488266666667
40782.9583333333,0.0027432
40783,0.001693333333333
40783.0416666667,0.001456266666667
40783.0833333333,0.0014224
40783.125,0.001016
40783.1666666667,0.000474133333333
40783.2083333333,0.000982133333333
40783.25,0.000982133333333
40783.2916666667,0.000948266666667
40783.3333333333,0.000643466666667
40787,0.000643466666667
40787.5416666667,0.0011176
40787.5833333333,0.002607733333333
40788.0416666667,0.002810933333333
40788.0833333333,0.002810933333333
40789.4166666667,0.002404533333333
40791,0.0026416
40791.375,0.002607733333333
40791.5833333333,0.0034544
40791.625,0.004504266666667
40791.6666666667,0.0052832
40791.7083333333,0.004199466666667
40791.75,0.004030133333333
40791.7916666667,0.004064
40791.8333333333,0.003928533333333
40791.875,0.003691466666667
40791.9166666667,0.003623733333333
40791.9583333333,0.002777066666667
40792,0.0017272
40792.0416666667,0.000474133333333
40792.0833333333,0.0001016
40792.125,0.000677333333333
40792.1666666667,0.0009144
40792.2083333333,0.000948266666667
40792.25,0.000982133333333
40792.2916666667,0.000982133333333
40792.375,0.000982133333333
40792.4166666667,0.001083733333333
40792.4583333333,0.001083733333333
40792.5,0.001049866666667
40792.5416666667,0.000677333333333
40792.5833333333,0.0004064
40792.625,0.0004064
40792.6666666667,0.000372533333333
40792.7916666667,0.000372533333333
40792.8333333333,0.000575733333333
40792.875,0.000948266666667
40792.9166666667,0.000948266666667
40792.9583333333,0.000948266666667
40793.0416666667,0.002810933333333
40793.0833333333,0.004064
40793.125,0.004707466666667
40793.1666666667,0.005588
40793.2083333333,0.0057912
40793.25,0.005757333333333
40793.2916666667,0.0052832
40793.3333333333,0.005317066666667
40793.375,0.005520266666667
40793.4166666667,0.003420533333333
40793.4583333333,0.002404533333333
40793.5,0.003623733333333
40793.5416666667,0.003048
40793.5833333333,0.003183466666667
40793.625,0.003556
40793.6666666667,0.004097866666667
40793.7083333333,0.004402666666667
40793.75,0.004233333333333
40793.7916666667,0.004233333333333
40793.8333333333,0.004030133333333
40793.875,0.0021336
40793.9166666667,0.001862666666667
40793.9583333333,0.001794933333333
40794,0.001524
40794.0416666667,0.000982133333333
40794.0833333333,0.000643466666667
40794.125,0.0006096
40794.1666666667,0.0008128
40794.2083333333,0.001185333333333
40794.25,0.002065866666667
40794.2916666667,0.002675466666667
40794.3333333333,0.002506133333333
40794.375,0.0022352
40794.4166666667,0.002404533333333
40794.5833333333,0.002912533333333
40794.625,0.003183466666667
40794.6666666667,0.003014133333333
40794.7083333333,0.0026416
40794.75,0.001761066666667
40794.7916666667,0.001185333333333
40794.8333333333,0.0011176
40794.875,0.0011176
40794.9166666667,0.001490133333333
40794.9583333333,0.0017272
40795,0.001524
40795.125,0.001524
40795.1666666667,0.001524
40795.2083333333,0.001557866666667
40795.25,0.001490133333333
40795.2916666667,0.001524
40795.3333333333,0.001557866666667
40795.375,0.001016
40795.4166666667,0.000270933333333
40795.4583333333,0.0002032
40797.9166666667,0.000169333333333
40797.9583333333,0.0002032
40801.625,0.0004064
40801.6666666667,0.000508
40801.7083333333,0.000508
40801.75,0.000541866666667
40803.5416666667,0.000541866666667
40806.1666666667,0.000541866666667
40806.25,0.000541866666667
40806.2916666667,0.0006096
40806.3333333333,0.000541866666667
40806.375,0.0003048
40806.4166666667,0.0002032
40806.4583333333,0.000135466666667
40806.5,6.77333333333E-05
40807.4583333333,6.77333333333E-05
40807.7083333333,0.000135466666667
40807.75,0.000575733333333
40807.7916666667,0.001490133333333
40808.2083333333,0.001896533333333
40808.25,0.002099733333333
40809.125,0.00254
40809.1666666667,0.002777066666667
40809.2916666667,0.003115733333333
40809.3333333333,0.0032512
40809.375,0.003217333333333
40809.4166666667,0.002777066666667
40809.4583333333,0.001964266666667
40809.5,0.0016256
40809.5416666667,0.0014224
40809.5833333333,0.000982133333333
40809.625,0.000778933333333
40809.6666666667,0.000440266666667
40809.7083333333,0.0003048
40811.0416666667,0.000270933333333
40811.0833333333,0.000270933333333
40811.125,0.0001016
40811.1666666667,0.000948266666667
40813.1666666667,0.001083733333333
40813.25,0.001083733333333
40813.375,0.001049866666667
40813.4166666667,0.001557866666667
40813.4583333333,0.001591733333333
40813.625,0.001591733333333
40813.7083333333,0.001591733333333
40814.25,0.001591733333333
40814.2916666667,0.0007112
40814.3333333333,0.0006096
40814.375,0.000643466666667
40814.7916666667,0.0009144
40814.8333333333,0.000541866666667
40814.875,0.000508
40817,0.000508
40817.25,0.000508
40817.2916666667,0.000677333333333
40817.3333333333,0.000643466666667
40817.375,0.0006096
40817.4166666667,0.000677333333333
40817.4583333333,0.000440266666667
40817.5,0.000474133333333
40817.5416666667,0.0006096
40817.6666666667,0.0007112
40817.7083333333,0.0009144
40817.75,0.000778933333333
40817.7916666667,0.000778933333333
40817.8333333333,0.000778933333333
40817.9166666667,0.000778933333333
40817.9583333333,0.000778933333333
40818,0.0006096
40818.0416666667,0.000474133333333
40818.0833333333,0.000372533333333
40818.125,0.000169333333333
40818.5,0.000135466666667
40818.5416666667,0.000135466666667
40818.5833333333,0.000135466666667
40818.625,3.38666666667E-05
40818.6666666667,0
40818.7083333333,0
40818.875,0
40818.9166666667,0
40819.0416666667,0
40819.0833333333,0
40819.5,0
40819.5416666667,0
40819.5833333333,0
40819.625,0
40819.7916666667,3.38666666667E-05
40819.8333333333,3.38666666667E-05
40819.9166666667,3.38666666667E-05
40820.0416666667,0.0002032
40827.5416666667,0.0002032
40827.5833333333,0.0002032
40828,0.000948266666667
40828.0416666667,0.0011176
40828.0833333333,0.001151466666667
40828.125,0.001286933333333
40828.1666666667,0.001354666666667
40828.4583333333,0.0014224
40828.5,0.001286933333333
40828.5416666667,0.001286933333333
40828.5833333333,0.001286933333333
40828.625,0.000541866666667
40828.6666666667,0.000372533333333
40828.7083333333,0.000338666666667
40828.75,0.000169333333333
40828.7916666667,0.0001016
40828.8333333333,6.77333333333E-05
40828.875,0.000643466666667
40828.9166666667,0.000643466666667
40828.9583333333,0.0007112
40829.0416666667,0.000745066666667
40829.0833333333,0.000745066666667
40829.125,0.000745066666667
40829.1666666667,0.000745066666667
40829.2083333333,0.001083733333333
40829.25,0.002065866666667
40829.2916666667,0.001794933333333
40829.3333333333,0.0018288
40829.375,0.0019304
40829.4166666667,0.002032
40829.4583333333,0.0024384
40829.6666666667,0.002506133333333
40829.7083333333,0.00254
40829.875,0.002201333333333
40829.9166666667,0.001185333333333
40830.25,0.0009144
40830.2916666667,0.001151466666667
40830.3333333333,0.001388533333333
40830.4166666667,0.001557866666667
40830.4583333333,0.001151466666667
40830.5,0.001354666666667
40830.625,0.001354666666667
40830.6666666667,0.001354666666667
40835.0416666667,0.001354666666667
40835.0833333333,0.001286933333333
40835.125,0.001016
40835.1666666667,0.0006096
40835.2083333333,0.000338666666667
40835.25,0.000338666666667
40835.2916666667,6.77333333333E-05
40835.3333333333,0.000169333333333
40835.375,0.0003048
40835.4166666667,0.0003048
40835.4583333333,0.0003048
40835.5,0.000338666666667
40835.5416666667,0.000338666666667
40835.5833333333,0.0003048
40835.625,0.0003048
40835.6666666667,0.0003048
40835.7083333333,0.000237066666667
40835.75,0.000474133333333
40835.7916666667,0.000474133333333
40835.8333333333,0.000474133333333
40835.875,0.000474133333333
40835.9166666667,0.000474133333333
40836.5833333333,0.000474133333333
40836.625,0.000474133333333
40840.75,0.000474133333333
40840.7916666667,0.0004064
40842.5,6.77333333333E-05
40842.5416666667,0.000135466666667
40842.5833333333,0.000135466666667
40842.625,0.0001016
40842.9583333333,0.000135466666667
40843.0416666667,0.000135466666667
40843.0833333333,0.000338666666667
40843.125,0.0004064
40843.1666666667,0.000440266666667
40843.2083333333,0.0004064
40843.25,0.000338666666667
40843.2916666667,0.000338666666667
40843.3333333333,0.000338666666667
40843.375,0.0003048
40843.4166666667,0.0003048
40843.4583333333,0.000135466666667
40843.5,0.000169333333333
40843.5416666667,0.000270933333333
40843.6666666667,0.000440266666667
40843.7083333333,0.000575733333333
40843.75,0.000643466666667
40844.7916666667,0.0009144
40844.8333333333,0.001151466666667
40844.875,0.0014224
40844.9166666667,0.0016256
40844.9583333333,0.001761066666667
40845,0.002302933333333
40845.0416666667,0.002675466666667
40845.0833333333,0.002607733333333
40845.125,0.0027432
40845.1666666667,0.0027432
40845.2083333333,0.002573866666667
40845.25,0.002506133333333
40845.2916666667,0.002506133333333
40845.3333333333,0.0023368
40845.375,0.001693333333333
40845.4166666667,0.001151466666667
40845.4583333333,0.001083733333333
40845.5,0.000880533333333
40845.5416666667,0.0006096
40845.5833333333,0.000541866666667
40845.625,0.000372533333333
40845.6666666667,0.000135466666667
40845.7083333333,0.000135466666667
40845.75,0.000169333333333
40845.7916666667,0.0002032
40847.875,0.0002032
40847.9166666667,0.0002032
40848,0.0002032
40857.5416666667,0.0002032
40857.5833333333,0.0002032
40857.625,0.0003048
40857.6666666667,0.000237066666667
40857.7083333333,0.000169333333333
40862.5416666667,0.000169333333333
40862.7083333333,0.0002032
40862.75,0.0003048
40862.9166666667,0.0004064
40863,0.000575733333333
40863.0416666667,0.000846666666667
40863.0833333333,0.001049866666667
40863.125,0.0011176
40863.1666666667,0.001151466666667
40863.2083333333,0.001185333333333
40863.25,0.001151466666667
40863.2916666667,0.001049866666667
40863.3333333333,0.000948266666667
40863.375,0.000778933333333
40863.4166666667,0.000575733333333
40863.4583333333,0.000440266666667
40863.5,0.0004064
40863.5416666667,0.000474133333333
40863.5833333333,0.000474133333333
40863.625,0.000474133333333
40863.6666666667,0.000508
40863.7083333333,0.000508
40863.75,0.000508
40863.7916666667,0.0004064
40863.8333333333,0.000237066666667
40863.875,0.0002032
40863.9166666667,0.0001016
40863.9583333333,3.38666666667E-05
40864.2083333333,3.38666666667E-05
40864.25,3.38666666667E-05
40864.2916666667,6.77333333333E-05
40864.3333333333,6.77333333333E-05
40864.375,6.77333333333E-05
40864.4166666667,0.000169333333333
40864.4583333333,0.000169333333333
40867.7083333333,0.000169333333333
40867.75,0.0002032
40867.9166666667,0.0002032
40867.9583333333,0.0002032
40868,0.000169333333333
40868.0416666667,0.000237066666667
40868.0833333333,0.000237066666667
40868.125,0.000135466666667
40868.625,0.000135466666667
40868.6666666667,0.000135466666667
40868.7083333333,0.000135466666667
40868.75,0.000237066666667
40868.7916666667,0.000237066666667
40868.8333333333,0.000372533333333
40868.875,0.0003048
40868.9166666667,0.0003048
40868.9583333333,0.000372533333333
40869,0.000372533333333
40869.0416666667,0.000372533333333
40869.0833333333,0.000372533333333
40869.125,0.0004064
40869.1666666667,0.000745066666667
40869.2083333333,0.0008128
40869.25,0.000880533333333
40869.2916666667,0.0011176
40869.3333333333,0.001388533333333
40869.375,0.001456266666667
40869.4166666667,0.001456266666667
40869.4583333333,0.001456266666667
40869.5,0.0013208
40869.5416666667,0.001456266666667
40869.5833333333,0.0016256
40869.625,0.001591733333333
40869.6666666667,0.001354666666667
40869.7083333333,0.001049866666667
40869.75,0.000982133333333
40869.7916666667,0.000982133333333
40870.0416666667,0.000948266666667
40870.0833333333,0.000982133333333
40870.125,0.000474133333333
40870.1666666667,0.000508
40870.375,0.0008128
40870.4166666667,0.0011176
40870.6666666667,0.001354666666667
40870.7083333333,0.001388533333333
40876.0833333333,0.001388533333333
40876.125,0.001388533333333
40876.375,0.001354666666667
40876.4166666667,0.001354666666667
40876.4583333333,0.000948266666667
40876.5,0.000643466666667
40876.5416666667,0.000338666666667
40876.5833333333,6.77333333333E-05
40876.625,3.38666666667E-05
40876.6666666667,0.0001016
40878,0.0003048
40883.0833333333,0.000338666666667
40883.125,0.000372533333333
40883.1666666667,0.0004064
40883.2083333333,0.0006096
40883.3333333333,0.000677333333333
40883.375,0.000677333333333
40883.4166666667,0.000677333333333
40883.4583333333,0.0006096
40883.5,0.000474133333333
40883.5416666667,0.000474133333333
40883.5833333333,0.000440266666667
40883.625,0.0004064
40883.6666666667,0.000169333333333
40883.7083333333,0.000338666666667
40883.75,0.0004064
40883.7916666667,0.000677333333333
40883.8333333333,0.00254
40883.875,0.003285066666667
40883.9166666667,0.0039624
40883.9583333333,0.0046736
40884.0416666667,0.004910666666667
40884.0833333333,0.005012266666667
40884.125,0.004809066666667
40884.1666666667,0.005046133333333
40884.2083333333,0.005249333333333
40884.25,0.003894666666667
40884.2916666667,0.003285066666667
40884.3333333333,0.003318933333333
40884.375,0.003318933333333
40884.4166666667,0.003589866666667
40884.4583333333,0.004199466666667
40884.5,0.0048768
40884.5416666667,0.004944533333333
40884.5833333333,0.004639733333333
40884.625,0.0041656
40884.6666666667,0.0039624
40884.7083333333,0.0032512
40884.75,0.00254
40884.7916666667,0.002032
40884.8333333333,0.0013208
40884.875,0.0006096
40884.9166666667,0.000237066666667
40884.9583333333,6.77333333333E-05
40891.625,3.38666666667E-05
40892.625,0.0001016
40892.6666666667,0.000135466666667
40894.75,0.0002032
40894.7916666667,0.000270933333333
40898.2916666667,0.0003048
40898.3333333333,0.0004064
40898.375,0.0004064
40898.4166666667,0.000541866666667
40898.4583333333,0.000948266666667
40898.5,0.001896533333333
40898.5416666667,0.001896533333333
40898.5833333333,0.001998133333333
40898.625,0.0022352
40898.6666666667,0.002201333333333
40898.7083333333,0.002201333333333
40899.7916666667,0.002777066666667
40899.8333333333,0.0026416
40899.875,0.0022352
40899.9166666667,0.0012192
40899.9583333333,0.0013208
40900,0.0014224
40900.0416666667,0.0014224
40900.0833333333,0.0018288
40900.125,0.002269066666667
40901.2083333333,0.002065866666667
40904.375,0.002065866666667
40904.4166666667,0.002065866666667
40904.4583333333,0.002065866666667
40904.5,0.001896533333333
40904.5416666667,0.0016256
40904.5833333333,0.0013208
40904.625,0.0009144
40904.6666666667,0.0004064
40908.25,3.38666666667E-05
40909,0.000135466666667
40909.5833333333,0.0004064
40909.6666666667,0.000508
40909.7083333333,0.000541866666667
40909.75,0.000541866666667
40911.5416666667,0.000643466666667
40917.5416666667,0.000677333333333
40917.5833333333,0.000643466666667
40917.625,0.000643466666667
40917.6666666667,0.000575733333333
40917.7083333333,0.000508
40917.75,0.000745066666667
40919.4583333333,0.0007112
40919.5,0.000982133333333
40919.5416666667,0.001083733333333
40919.5833333333,0.0011176
40919.625,0.001591733333333
40919.6666666667,0.001862666666667
40919.7083333333,0.001862666666667
40919.75,0.001693333333333
40919.7916666667,0.001761066666667
40919.8333333333,0.0018288
40919.875,0.001557866666667
40919.9166666667,0.001388533333333
40919.9583333333,0.001354666666667
40920,0.000982133333333
40920.0416666667,0.0007112
40920.0833333333,0.000677333333333
40920.125,0.000745066666667
40920.1666666667,0.000338666666667
40920.9583333333,0.000338666666667
40921,0.000440266666667
40921.0833333333,0.0004064
40921.125,0.000440266666667
40921.1666666667,0.000372533333333
40924.8333333333,0.000372533333333
40924.875,0.000474133333333
40924.9166666667,0.000745066666667
40925,0.000880533333333
40925.0416666667,0.0008128
40925.125,0.0007112
40925.1666666667,0.0007112
40925.2083333333,0.000643466666667
40925.25,0.000778933333333
40925.2916666667,0.000948266666667
40925.3333333333,0.0011176
40925.375,0.0008128
40925.5,0.0008128
40925.5416666667,0.000846666666667
40928.875,0.0009144
40928.9166666667,0.0009144
40928.9583333333,0.000948266666667
40929,0.000778933333333
40929.0416666667,0.0006096
40929.0833333333,0.000338666666667
40929.125,0.000270933333333
40929.1666666667,0.000135466666667
40929.2083333333,0.0001016
40929.25,3.38666666667E-05
40929.2916666667,3.38666666667E-05
40929.375,0
40929.4166666667,0
40929.5,0
40929.5416666667,0
40929.5833333333,0
40930.125,0
40930.1666666667,0
40930.2083333333,0
40930.4166666667,0
40930.7083333333,0
40930.75,3.38666666667E-05
40930.7916666667,0.0001016
40930.8333333333,0.0001016
40930.875,0.0001016
40931,0.0001016
40931.25,0.0001016
40931.2916666667,0.0001016
40931.4583333333,0.0001016
40931.5,0.000135466666667
40931.5416666667,0.000948266666667
40931.5833333333,0.000982133333333
40931.625,0.0021336
40934.0416666667,0.0021336
40934.1666666667,0.0021336
40934.2083333333,0.0021336
40935.1666666667,0.002167466666667
40935.2083333333,0.002201333333333
40935.2916666667,0.002167466666667
40935.3333333333,0.0013208
40935.375,0.0012192
40935.5,0.0002032
40940,0.000270933333333
40940.1666666667,0.0003048
40940.2083333333,0.0003048
40940.25,0.000270933333333
40940.2916666667,0.000270933333333
40941.0416666667,0.000270933333333
40941.0833333333,0.0003048
40941.125,0.0003048
40941.1666666667,0.000169333333333
40941.2083333333,0.000169333333333
40941.25,0.000237066666667
40941.2916666667,0.0003048
40941.3333333333,0.000338666666667
40941.375,0.0003048
40941.4166666667,0.0003048
40941.5,0.000270933333333
40943.625,0.000270933333333
40943.6666666667,0.000270933333333
40943.7083333333,0.0002032
40943.75,0.0001016
40943.7916666667,3.38666666667E-05
40943.8333333333,0
40943.9583333333,0.000169333333333
40944,0.000270933333333
40944.0416666667,0.000338666666667
40944.0833333333,0.000372533333333
40944.125,0.000372533333333
40944.2083333333,0.000372533333333
40947.5416666667,0.000372533333333
40947.5833333333,0.000372533333333
40947.625,0.000372533333333
40947.6666666667,0.000237066666667
40947.7083333333,0.0002032
40947.75,0.000237066666667
40947.7916666667,0.0003048
40947.8333333333,0.000338666666667
40949.6666666667,0.000338666666667
40949.9583333333,0.000338666666667
40950,0.000338666666667
40950.0416666667,0.000338666666667
40950.0833333333,0.0003048
40950.125,0.000237066666667
40950.1666666667,0.000135466666667
40950.2083333333,3.38666666667E-05
40950.25,0
40950.2916666667,0
40950.3333333333,0
40950.375,0
40950.4166666667,3.38666666667E-05
40950.4583333333,3.38666666667E-05
40950.5,3.38666666667E-05
40950.625,3.38666666667E-05
40950.6666666667,3.38666666667E-05
40950.875,3.38666666667E-05
40950.9166666667,0.000135466666667
40950.9583333333,0.000169333333333
40951,0.0002032
40951.0416666667,0.0003048
40955.125,0.0003048
40955.375,0.0003048
40955.4166666667,0.000372533333333
40955.4583333333,0.000575733333333
40955.5,0.000575733333333
40955.5416666667,0.000474133333333
40955.5833333333,0.000440266666667
40955.625,0.000508
40955.6666666667,0.000372533333333
40955.7083333333,0.000372533333333
40958.8333333333,0.000372533333333
40958.875,0.0003048
40958.9166666667,0.0001016
40962.0416666667,0.000846666666667
40962.0833333333,0.001049866666667
40963,0.001049866666667
40963.0416666667,0.000948266666667
40963.2916666667,0.000948266666667
40963.3333333333,0.000948266666667
40963.375,0.001354666666667
40963.5416666667,0.002201333333333
40963.5833333333,0.0033528
40963.625,0.0039624
40963.6666666667,0.0037592
40963.7083333333,0.003793066666667
40964.3333333333,0.003793066666667
40968.2916666667,0.003793066666667
40968.3333333333,0.003793066666667
40968.375,0.003556
40968.4166666667,0.0029464
40968.4583333333,0.001964266666667
40968.5,0.001049866666667
40968.5833333333,0.001083733333333
40968.625,0.001083733333333
40968.6666666667,0.001253066666667
40968.7083333333,0.001253066666667
40968.75,0.001388533333333
40968.7916666667,0.0016256
40968.8333333333,0.001524
40968.875,0.001388533333333
40968.9166666667,0.000948266666667
40968.9583333333,0.000982133333333
40969,0.0013208
40970.5833333333,0.0012192
40970.625,0.0013208
40970.6666666667,0.001185333333333
40970.7083333333,0.0008128
40970.75,0.000745066666667
40970.8333333333,0.000982133333333
40970.9166666667,0.000982133333333
40970.9583333333,0.0009144
40971,0.000541866666667
40971.0416666667,0.000474133333333
40971.2083333333,0.000372533333333
40971.25,0.000372533333333
40971.2916666667,0.000372533333333
40971.3333333333,0.0003048
40973.625,3.38666666667E-05
40973.6666666667,6.77333333333E-05
40973.7083333333,6.77333333333E-05
40976.9583333333,6.77333333333E-05
40977,6.77333333333E-05
40977.0416666667,6.77333333333E-05
40977.125,6.77333333333E-05
40977.1666666667,3.38666666667E-05
40981,3.38666666667E-05
40981.0416666667,3.38666666667E-05
40981.0833333333,6.77333333333E-05
40981.1666666667,6.77333333333E-05
40981.2083333333,6.77333333333E-05
40981.6666666667,6.77333333333E-05
40983.75,6.77333333333E-05
40984.5416666667,0.0001016
40984.5833333333,0.0001016
40984.625,0.0001016
40984.6666666667,0.000474133333333
40984.7083333333,0.0004064
40986.2083333333,0.0004064
40986.25,0.0004064
40987.7916666667,0.0004064
40987.8333333333,0.0004064
40988.0416666667,0.000372533333333
40988.1666666667,0.000372533333333
40988.25,0.000372533333333
40989.2083333333,0
40989.25,0
40989.2916666667,0.000270933333333
40989.375,0.000270933333333
40990.1666666667,0.000270933333333
40990.2083333333,0.0003048
40990.25,0.0003048
40990.2916666667,0.0003048
40992.1666666667,0.000338666666667
40992.4166666667,0.000338666666667
40992.4583333333,0.000338666666667
40992.5,6.77333333333E-05
40992.5416666667,6.77333333333E-05
40992.5833333333,6.77333333333E-05
40992.625,0.0007112
40992.6666666667,0.0007112
40992.7083333333,0.0007112
40992.75,0.000677333333333
40992.7916666667,0.0007112
40992.8333333333,0.0007112
40992.875,0.0007112
40993,0.0007112
40993.0416666667,0.0007112
40993.0833333333,3.38666666667E-05
40993.9166666667,3.38666666667E-05
40996.5833333333,3.38666666667E-05
40996.625,3.38666666667E-05
40996.6666666667,0
40998.4583333333,0.0001016
40998.5,0.000237066666667
40998.5416666667,0.000440266666667
40998.5833333333,0.000508
40998.625,0.000508
41000,0.000508
41000.8333333333,0.000508
41000.875,0.000508
41000.9166666667,0.000541866666667
41000.9583333333,0.000440266666667
41001,0.0003048
41001.0416666667,0.0001016
41008.7916666667,3.38666666667E-05
41008.8333333333,3.38666666667E-05
41010.5,3.38666666667E-05
41010.5416666667,3.38666666667E-05
41010.5833333333,3.38666666667E-05
41010.6666666667,3.38666666667E-05
41010.7083333333,0.000135466666667
41016.4166666667,0.000169333333333
41017.2916666667,0.000169333333333
41017.3333333333,0.000169333333333
41017.375,0.000169333333333
41017.4166666667,0.000474133333333
41017.4583333333,0.0007112
41017.5,0.0007112
41017.5416666667,0.000677333333333
41017.5833333333,0.000575733333333
41017.9166666667,0.0006096
41017.9583333333,0.0006096
41018,0.0006096
41020.75,0.000778933333333
41020.7916666667,0.0006096
41020.8333333333,0.0006096
41020.9166666667,0.001083733333333
41021.2083333333,0.001490133333333
41021.25,0.0018288
41021.2916666667,0.002201333333333
41021.3333333333,0.0026416
41021.375,0.003081866666667
41021.4166666667,0.003217333333333
41021.4583333333,0.003420533333333
41021.5,0.003589866666667
41021.5416666667,0.003217333333333
41021.5833333333,0.002810933333333
41021.625,0.002472266666667
41021.6666666667,0.002065866666667
41021.7083333333,0.0016256
41021.75,0.001253066666667
41021.7916666667,0.000948266666667
41021.8333333333,0.0006096
41021.875,0.0002032
41021.9166666667,0.0001016
41021.9583333333,0.0001016
41022,0.0001016
41022.125,6.77333333333E-05
41022.1666666667,6.77333333333E-05
41022.2083333333,0.000169333333333
41022.25,0.000237066666667
41022.375,0.000237066666667
41022.4166666667,0.000237066666667
41022.4583333333,0.000237066666667
41022.5,0.000270933333333
41022.5416666667,0.000338666666667
41022.5833333333,0.000338666666667
41022.625,0.000372533333333
41022.6666666667,0.000338666666667
41022.7083333333,0.000270933333333
41022.7916666667,0.0003048
41025.2083333333,0.0003048
41025.25,0.0003048
41025.2916666667,0.0004064
41025.3333333333,0.0004064
41027.6666666667,0.000474133333333
41027.7083333333,0.000440266666667
41027.75,0.000338666666667
41027.7916666667,0.000338666666667
41027.8333333333,0.000338666666667
41027.875,0.000745066666667
41027.9166666667,0.0008128
41027.9583333333,0.000745066666667
41028,0.000677333333333
41028.0416666667,0.0006096
41028.0833333333,0.0006096
41030,0.000575733333333
41030.1666666667,0.000575733333333
41030.2083333333,0.000948266666667
41030.25,0.000541866666667
41031.1666666667,0.000474133333333
41031.2083333333,0.0004064
41031.25,0.0004064
41032.25,0.0004064
41032.2916666667,0.0004064
41033.4166666667,0.0004064
41033.4583333333,0.0004064
41033.6666666667,0
41034.5416666667,6.77333333333E-05
41034.5833333333,6.77333333333E-05
41035.125,6.77333333333E-05
41035.1666666667,0.0001016
41035.2083333333,0.0001016
41035.25,0.000338666666667
41035.2916666667,0.000677333333333
41037.5,0.000677333333333
41037.5416666667,0.000677333333333
41037.5833333333,0.000778933333333
41037.8333333333,0.001185333333333
41037.875,0.001456266666667
41037.9166666667,0.0018288
41038,0.0019304
41038.0416666667,0.0017272
41038.0833333333,0.001388533333333
41038.125,0.001388533333333
41038.7083333333,0.001388533333333
41038.75,0.001354666666667
41038.7916666667,0.0012192
41038.8333333333,0.001083733333333
41038.875,0.000745066666667
41038.9166666667,0.000677333333333
41038.9583333333,0.000643466666667
41043.0833333333,0.000643466666667
41043.1666666667,0.000643466666667
41043.2083333333,0.000778933333333
41043.25,0.000677333333333
41043.2916666667,0.0004064
41043.3333333333,0.000270933333333
41043.375,0.0002032
41043.4166666667,0.000169333333333
41043.5416666667,0.000169333333333
41043.5833333333,0.000169333333333
41043.625,0.000338666666667
41043.6666666667,0.000474133333333
41043.7083333333,0.002472266666667
41043.75,0.003183466666667
41043.7916666667,0.0033528
41043.8333333333,0.0033528
41044,0.0036576
41044.0416666667,0.0036576
41044.0833333333,0.0039624
41044.125,0.003793066666667
41044.1666666667,0.0036576
41044.2083333333,0.001659466666667
41044.25,0.000948266666667
41044.2916666667,0.000778933333333
41044.5,0.000778933333333
41044.5416666667,0.000508
41044.75,0.000508
41044.7916666667,0.0002032
41044.8333333333,0.0002032
41044.875,6.77333333333E-05
41044.9166666667,6.77333333333E-05
41049.875,6.77333333333E-05
41049.9166666667,0.0001016
41049.9583333333,0.0001016
41050,6.77333333333E-05
41050.0416666667,6.77333333333E-05
41050.0833333333,6.77333333333E-05
41050.125,6.77333333333E-05
41050.1666666667,0.0001016
41050.2083333333,6.77333333333E-05
41050.25,6.77333333333E-05
41050.2916666667,6.77333333333E-05
41050.3333333333,6.77333333333E-05
41050.375,6.77333333333E-05
41050.4166666667,6.77333333333E-05
41050.4583333333,6.77333333333E-05
41050.5,6.77333333333E-05
41050.6666666667,0.0001016
41051.0833333333,0.0001016
41051.125,0.001083733333333
41051.1666666667,0.001049866666667
41051.2083333333,0.001049866666667
41051.25,0.001049866666667
41051.7083333333,0.001049866666667
41052.0833333333,0.001151466666667
41052.125,0.0012192
41052.1666666667,0.001151466666667
41052.6666666667,0.001964266666667
41052.7083333333,0.001761066666667
41053.7916666667,0.001896533333333
41053.8333333333,0.001896533333333
41054.25,0.001896533333333
41056.8333333333,0.001896533333333
41056.875,0.001794933333333
41056.9166666667,0.0017272
41058.7916666667,0.0017272
41058.8333333333,0.0009144
41058.875,0.000135466666667
41058.9166666667,0.000508
41058.9583333333,0.000745066666667
41059,0.0008128
41059.0416666667,0.0027432
41059.2083333333,0.0029464
41061,0.0029464
41061.2083333333,0.004131733333333
41061.5416666667,0.004131733333333
41061.625,0.004131733333333
41061.6666666667,0.003623733333333
41061.7083333333,0.003386666666667
41061.75,0.003318933333333
41061.7916666667,0.001388533333333
41061.8333333333,0.001185333333333
41061.875,0.001286933333333
41061.9166666667,0.0003048
41063.9583333333,0.0004064
41065,0.0004064
41065.0416666667,0.000440266666667
41065.0833333333,0.000474133333333
41065.125,0.000474133333333
41066.6666666667,0.000508
41066.7083333333,0.000541866666667
41072.0833333333,0.000541866666667
41072.125,0.000372533333333
41072.1666666667,0.000270933333333
41072.2083333333,0.000575733333333
41072.25,0.0007112
41072.375,0.0009144
41072.4166666667,0.0009144
41072.4583333333,0.000880533333333
41072.5,0.001388533333333
41072.5416666667,0.001286933333333
41072.5833333333,0.001253066666667
41072.9166666667,0.001253066666667
41078.1666666667,0.000948266666667
41078.2083333333,0.000778933333333
41078.25,0.000541866666667
41078.3333333333,0.000541866666667
41078.375,0.000541866666667
41078.4166666667,0.000846666666667
41078.4583333333,0.001998133333333
41078.5833333333,0.001998133333333
41078.875,0.001998133333333
41078.9166666667,0.001998133333333
41082.7916666667,0.002065866666667
41082.8333333333,0.002065866666667
41085.5,0.002065866666667
41089.875,0.002065866666667
41089.9166666667,0.0012192
41089.9583333333,0.0004064
41090,0.002404533333333
41091,0.002404533333333
41093.8333333333,0.002506133333333
41093.875,0.00254
41094.2916666667,0.003048
41098.625,0.003048
41098.6666666667,0.0031496
41098.9166666667,0.003217333333333
41098.9583333333,0.002878666666667
41099,0.000880533333333
41099.0416666667,0.000880533333333
41099.0833333333,0.002675466666667
41099.125,0.002709333333333
41099.1666666667,0.002201333333333
41099.2083333333,0.002201333333333
41099.25,0.002099733333333
41099.2916666667,0.002032
41100.7083333333,0.002167466666667
41100.75,0.002201333333333
41100.7916666667,0.002302933333333
41100.8333333333,0.000474133333333
41100.875,0.000338666666667
41103.125,0.000338666666667
41103.2083333333,0.000372533333333
41104.125,0.0004064
41104.1666666667,0.0004064
41104.6666666667,0.001253066666667
41104.7083333333,0.0014224
41105.7083333333,0.001557866666667
41105.75,0.001490133333333
41105.9583333333,0.001490133333333
41106,0.001490133333333
41106.6666666667,0.001794933333333
41109.8333333333,0.001761066666667
41109.875,0.001761066666667
41109.9166666667,0.0008128
41109.9583333333,0.000846666666667
41110,0.000643466666667
41110.4166666667,0.000643466666667
41110.4583333333,0.000643466666667
41110.5,0.000643466666667
41110.5416666667,0.0003048
41110.5833333333,0.0003048
41110.7916666667,0.0003048
41110.8333333333,0.0003048
41110.875,6.77333333333E-05
41110.9583333333,3.38666666667E-05
41111,0.000270933333333
41111.0416666667,0.000270933333333
41111.0833333333,0.000270933333333
41111.125,0.000270933333333
41111.1666666667,0.000270933333333
41111.2083333333,0.000270933333333
41111.25,0.000270933333333
41111.3333333333,0.000508
41111.375,0.000643466666667
41111.4166666667,0.0004064
41111.4583333333,0.000440266666667
41111.5,0.000440266666667
41111.5416666667,0.000440266666667
41111.5833333333,0.000440266666667
41111.625,0.000440266666667
41111.6666666667,0.000508
41111.7083333333,0.001083733333333
41111.7916666667,0.001049866666667
41111.8333333333,0.001049866666667
41111.875,0.001016
41113.5416666667,0.001016
41114.4583333333,0.001016
41116.9166666667,0.001016
41118.75,0.001016
41118.7916666667,0.000982133333333
41121.5833333333,0.0002032
41121.625,0.0001016
41121.7083333333,0.0001016
41121.75,0.0001016
41121.7916666667,0.0001016
41122,0.0001016
41122.125,0.0001016
41126.7083333333,0.000169333333333
41126.75,0.0001016
41126.875,6.77333333333E-05
41127.0833333333,6.77333333333E-05
41127.125,6.77333333333E-05
41127.2083333333,6.77333333333E-05
41127.25,0.000880533333333
41127.2916666667,0.000948266666667
41127.3333333333,0.002032
41127.375,0.001998133333333
41128.625,0.001998133333333
41128.6666666667,0.001998133333333
41129.4583333333,0.001998133333333
41131.1666666667,0.002167466666667
41131.2083333333,0.0022352
41131.25,0.0014224
41131.2916666667,0.001354666666667
41131.3333333333,0.000270933333333
41131.4583333333,0.000270933333333
41131.875,0.000338666666667
41131.9166666667,0.000338666666667
41132.0833333333,0.000338666666667
41132.125,0.000169333333333
41132.25,0.000237066666667
41132.7083333333,0.000778933333333
41132.75,0.000778933333333
41132.7916666667,0.000778933333333
41132.8333333333,0.000745066666667
41132.9166666667,0.000677333333333
41132.9583333333,0.000677333333333
41134.7916666667,0.0007112
41135.2083333333,0.0007112
41135.25,0.000677333333333
41135.6666666667,0.000575733333333
41135.7083333333,0.001456266666667
41135.875,0.001524
41138.8333333333,0.001591733333333
41138.875,0.001591733333333
41138.9166666667,0.001591733333333
41138.9583333333,0.0017272
41139,0.001761066666667
41139.0416666667,0.001659466666667
41140.4583333333,0.003115733333333
41140.5,0.0023368
41140.5416666667,0.002269066666667
41140.5833333333,0.003386666666667
41140.7916666667,0.003386666666667
41140.8333333333,0.003386666666667
41140.875,0.003217333333333
41141.75,0.003217333333333
41142.75,0.0033528
41142.7916666667,0.001456266666667
41143.6666666667,0.001354666666667
41143.7083333333,0.001388533333333
41143.75,0.0002032
41146.1666666667,0.0002032
41146.5,0.0002032
41146.5416666667,0.000270933333333
41146.5833333333,0.000237066666667
41146.625,0.0009144
41146.75,0.0009144
41146.7916666667,0.0009144
41146.8333333333,0.000948266666667
41147.1666666667,0.000948266666667
41147.5,0.000948266666667
41147.5416666667,0.001049866666667
41147.5833333333,0.000982133333333
41147.625,0.00508
41147.6666666667,0.005723466666667
41147.7083333333,0.005723466666667
41147.7916666667,0.005723466666667
41147.8333333333,0.005655733333333
41149.2083333333,0.005655733333333
41149.25,0.005655733333333
41153,0.005723466666667
41153.8333333333,0.005723466666667
41153.875,0.0016256
41154.5,0.000169333333333
41154.5416666667,0.000169333333333
41154.5833333333,0.0002032
41154.625,0.000237066666667
41154.875,0.000237066666667
41154.9166666667,0.000541866666667
41154.9583333333,0.000745066666667
41155.25,0.000880533333333
41156,0.000880533333333
41156.0416666667,0.000880533333333
41157.4583333333,0.002370666666667
41157.5,0.0024384
41158.2916666667,0.002472266666667
41158.3333333333,0.002472266666667
41158.375,0.002167466666667
41158.4166666667,0.001794933333333
41158.4583333333,0.001659466666667
41160.5833333333,0.001693333333333
41160.625,0.0021336
41160.6666666667,0.0008128
41160.7083333333,0.0007112
41160.75,0.000643466666667
41160.7916666667,0.000643466666667
41169.8333333333,0.000643466666667
41169.875,0.000643466666667
41169.9166666667,0.000677333333333
41169.9583333333,0.000677333333333
41170,0.000270933333333
41170.0416666667,0.002675466666667
41170.0833333333,0.0028448
41170.1666666667,0.002878666666667
41170.25,0.002980266666667
41170.3333333333,0.002980266666667
41170.4166666667,0.002980266666667
41170.4583333333,0.0029464
41170.5,0.003081866666667
41170.5833333333,0.003048
41170.625,0.0012192
41170.6666666667,0.001354666666667
41170.7083333333,0.0019304
41170.75,0.0022352
41170.9166666667,0.0023368
41170.9583333333,0.002506133333333
41178.9166666667,0.002607733333333
41179.8333333333,0.002472266666667
41179.875,0.002472266666667
41179.9166666667,0.0017272
41179.9583333333,0.0014224
41180,0.0008128
41180.0416666667,0.0004064
41180.0833333333,0.0003048
41180.125,0.000135466666667
41180.1666666667,3.38666666667E-05
41180.625,0
41180.6666666667,0
41180.7083333333,0
41180.75,0
41180.7916666667,0
41180.8333333333,0
41180.9583333333,0
41182.7916666667,0
41183,0
41183.6666666667,0
41183.7083333333,0
41183.75,0.0003048
41183.7916666667,0.000745066666667
41183.8333333333,0.001083733333333
41183.875,0.0014224
41183.9166666667,0.001456266666667
41184,0.001456266666667
41184.0416666667,0.001456266666667
41184.0833333333,0.001456266666667
41184.25,0.001456266666667
41184.2916666667,0.001151466666667
41184.3333333333,0.0007112
41184.375,0.000372533333333
41184.4166666667,3.38666666667E-05
41184.4583333333,0
41184.5,0
41184.5416666667,0
41184.5833333333,0
41184.625,0
41184.6666666667,0
41184.7083333333,0
41184.75,0
41184.7916666667,3.38666666667E-05
41184.8333333333,3.38666666667E-05
41184.875,3.38666666667E-05
41185,3.38666666667E-05
41185.0416666667,6.77333333333E-05
41185.9583333333,0.000169333333333
41186,0.000169333333333
41186.1666666667,0.000169333333333
41186.2083333333,0.000169333333333
41186.25,0.000135466666667
41186.3333333333,0.0003048
41189.25,0.000372533333333
41189.2916666667,0.000372533333333
41189.3333333333,0.000338666666667
41189.375,0.000237066666667
41189.5,0.0003048
41189.5833333333,0.000372533333333
41189.625,0.000372533333333
41189.6666666667,0.000372533333333
41189.7083333333,0.0002032
41189.75,0.000169333333333
41190.5833333333,0.0003048
41190.625,0.000372533333333
41190.7916666667,0.0004064
41190.8333333333,0.000372533333333
41190.875,0.0003048
41190.9166666667,0.0003048
41190.9583333333,0.0003048
41191,0.0003048
41191.0416666667,0.000338666666667
41191.0833333333,0.0002032
41191.125,0.0002032
41191.1666666667,0.000237066666667
41192,0.0002032
41192.0416666667,0.0002032
41197.3333333333,0.0002032
41197.375,0.0002032
41197.5,0.0002032
41197.5416666667,0.000372533333333
41197.7083333333,0.000372533333333
41197.75,0.0003048
41197.7916666667,0.0007112
41200.9583333333,0.0008128
41201,0.0008128
41201.0416666667,0.0008128
41201.2083333333,0.0008128
41201.25,0.0008128
41201.2916666667,0.000575733333333
41201.6666666667,0.000643466666667
41201.7083333333,0.000745066666667
41201.75,0.000338666666667
41209.9583333333,0.0003048
41210.2083333333,0.000372533333333
41210.25,0.000474133333333
41210.625,0.000508
41210.6666666667,0.0006096
41210.7083333333,0.0007112
41210.75,0.0008128
41210.7916666667,0.001016
41210.8333333333,0.001286933333333
41210.875,0.002065866666667
41210.9166666667,0.0026416
41210.9583333333,0.003386666666667
41211,0.004064
41211.0416666667,0.004741333333333
41211.0833333333,0.0053848
41211.125,0.005588
41211.1666666667,0.005926666666667
41211.2083333333,0.006333066666667
41211.25,0.0059944
41211.2916666667,0.0058928
41211.3333333333,0.005723466666667
41211.375,0.005825066666667
41211.4166666667,0.005926666666667
41211.4583333333,0.006163733333333
41211.5,0.006231466666667
41211.5416666667,0.0058928
41211.5833333333,0.0054864
41211.625,0.0051816
41211.6666666667,0.00508
41211.7083333333,0.004842933333333
41211.75,0.004301066666667
41211.7916666667,0.003793066666667
41211.8333333333,0.003014133333333
41211.875,0.002777066666667
41211.9166666667,0.002777066666667
41211.9583333333,0.002506133333333
41212,0.002404533333333
41212.0416666667,0.002032
41212.0833333333,0.001693333333333
41212.125,0.001490133333333
41212.1666666667,0.0011176
41212.2083333333,0.000948266666667
41212.25,0.000778933333333
41212.2916666667,0.000541866666667
41212.3333333333,0.000508
41212.375,0.000440266666667
41212.4166666667,0.000372533333333
41212.4583333333,0.000270933333333
41212.5,0.0002032
41212.5416666667,0.0002032
41212.5833333333,0.000169333333333
41212.625,0.000135466666667
41212.6666666667,6.77333333333E-05
41212.7083333333,3.38666666667E-05
41212.75,0
41212.7916666667,0
41213.25,0
41214,0
41214.3333333333,0
41214.375,0
41214.4166666667,0
41214.4583333333,0
41214.5,6.77333333333E-05
41214.5416666667,6.77333333333E-05
41214.5833333333,0.0001016
41214.6666666667,0.0001016
41214.7083333333,0.0001016
41220.2916666667,0.000135466666667
41220.6666666667,0.000135466666667
41220.875,0.0004064
41220.9166666667,0.000982133333333
41220.9583333333,0.000982133333333
41221,0.001016
41221.0416666667,0.0011176
41221.0833333333,0.0012192
41225.875,0.001388533333333
41225.9583333333,0.001557866666667
41226,0.001659466666667
41226.0416666667,0.0014224
41226.0833333333,0.000846666666667
41226.125,0.000778933333333
41226.2083333333,0.000745066666667
41226.25,0.0006096
41226.2916666667,0.000508
41226.3333333333,0.000372533333333
41226.375,0.000169333333333
41226.4166666667,0.000169333333333
41240.0833333333,0.000169333333333
41240.125,0.000169333333333
41240.1666666667,0.0002032
41240.25,0.0002032
41240.2916666667,0.0002032
41240.3333333333,0.0002032
41240.375,0.000169333333333
41240.4166666667,0.0002032
41240.4583333333,0.000135466666667
41240.5,0.0001016
41240.5416666667,0.0001016
41240.5833333333,6.77333333333E-05
41240.625,6.77333333333E-05
41244,0.0001016
41245.6666666667,0.0001016
41245.7083333333,0.000135466666667
41245.75,0.0002032
41245.9583333333,0.000169333333333
41248.2083333333,0.000169333333333
41248.25,0.000169333333333
41248.2916666667,0.0002032
41250.25,0.0004064
41250.2916666667,0.000372533333333
41250.3333333333,0.000372533333333
41250.8333333333,0.000338666666667
41250.875,0.000237066666667
41250.9166666667,0.000237066666667
41252.2083333333,0.000237066666667
41252.25,0.000237066666667
41252.2916666667,0.000440266666667
41252.3333333333,0.000237066666667
41252.4583333333,0.000237066666667
41252.5833333333,0.000237066666667
41252.625,0.000237066666667
41252.6666666667,0.000270933333333
41252.7083333333,0.000270933333333
41252.75,0.000270933333333
41252.7916666667,0.000270933333333
41252.8333333333,3.38666666667E-05
41252.875,0.000270933333333
41252.9166666667,0.000270933333333
41252.9583333333,0.000270933333333
41253,0.000270933333333
41253.4583333333,0.000270933333333
41253.5,0.000338666666667
41253.5416666667,0.000338666666667
41254,0.0004064
41254.0833333333,0.000541866666667
41254.125,0.0003048
41254.1666666667,0.000338666666667
41254.2083333333,0.000338666666667
41259,0.000338666666667
41259.0416666667,0.0003048
41259.0833333333,0.000270933333333
41259.7083333333,0.000270933333333
41259.75,0.0002032
41259.9583333333,0.0001016
41260,0.000169333333333
41260.0416666667,0.0002032
41260.0833333333,0.0002032
41260.125,0.0002032
41260.1666666667,0.0002032
41260.6666666667,0.000169333333333
41260.8333333333,0.0003048
41260.875,0.000643466666667
41260.9166666667,0.001253066666667
41260.9583333333,0.001524
41261.5,0.001896533333333
41261.5416666667,0.002201333333333
41263.6666666667,0.002404533333333
41263.75,0.0027432
41263.7916666667,0.002777066666667
41263.8333333333,0.0026416
41263.875,0.002302933333333
41263.9166666667,0.001693333333333
41263.9583333333,0.001456266666667
41264,0.001185333333333
41264.0416666667,0.000982133333333
41264.0833333333,0.0008128
41264.125,0.000508
41264.25,0.000474133333333
41267.5,0.000474133333333
41267.5416666667,0.000474133333333
41267.5833333333,0.000440266666667
41267.625,0.000338666666667
41267.6666666667,0.000169333333333
41267.7083333333,0.000338666666667
41267.75,0.000474133333333
41267.7916666667,0.000643466666667
41267.8333333333,0.0009144
41267.875,0.001354666666667
41267.9166666667,0.001998133333333
41267.9583333333,0.00254
41269.25,0.002675466666667
41269.2916666667,0.0033528
41269.3333333333,0.003928533333333
41269.375,0.003894666666667
41269.4166666667,0.0037592
41269.4583333333,0.003589866666667
41269.5,0.003318933333333
41269.5416666667,0.0027432
41269.5833333333,0.0022352
41269.625,0.0021336
41269.6666666667,0.001524
41269.7083333333,0.000880533333333
41269.75,0.001016
41269.7916666667,0.001083733333333
41269.8333333333,0.000982133333333
41269.875,0.0008128
41269.9166666667,0.0008382
41269.9583333333,0.0009144
41270,0.001016
41272.375,0.00109728
41272.4166666667,0.0009144
41272.4583333333,0.0004064
41272.5,0
41272.5416666667,0

