Generation: 0
ID, rc_coeff, likelihood, Fitness, Rank
0, 8.138371e+00, 1.327350e+03, 3.703704e-02, 27
1, 4.663228e-01, 1.078171e+02, 3.333333e-01, 3
2, 8.142033e+00, 1.327715e+03, 3.571429e-02, 28
3, 2.399976e+00, 5.634677e+02, 9.090909e-02, 11
4, 8.978851e+00, 1.404836e+03, 2.777778e-02, 36
5, 2.565081e+00, 5.947196e+02, 8.333333e-02, 12
6, 2.693564e+00, 6.184371e+02, 7.692308e-02, 13
7, 2.080142e+00, 5.005275e+02, 1.111111e-01, 9
8, 2.293771e+00, 5.428854e+02, 1.000000e-01, 10
9, 8.461562e+00, 1.358475e+03, 3.225806e-02, 31
10, 8.748436e+00, 1.383420e+03, 3.030303e-02, 33
11, 8.876919e+00, 1.395424e+03, 2.941176e-02, 34
12, 8.447829e+00, 1.357138e+03, 3.333333e-02, 30
13, 6.092715e+00, 1.111127e+03, 5.000000e-02, 20
14, 4.089480e-01, 9.134685e+01, 5.000000e-01, 2
15, 1.735282e+00, 4.278611e+02, 1.666667e-01, 6
16, 1.837519e+00, 4.500089e+02, 1.428571e-01, 7
17, 3.559069e+00, 7.639345e+02, 6.666667e-02, 15
18, 4.492630e+00, 9.042474e+02, 5.882353e-02, 17
19, 1.850642e+00, 4.528187e+02, 1.250000e-01, 8
20, 8.944670e+00, 1.401720e+03, 2.857143e-02, 35
21, 6.230354e+00, 1.126303e+03, 4.761905e-02, 21
22, 5.463424e+00, 1.032975e+03, 5.263158e-02, 19
23, 9.116794e+00, 1.418051e+03, 2.702703e-02, 37
24, 5.225990e+00, 1.002552e+03, 5.555556e-02, 18
25, 7.306436e+00, 1.246330e+03, 4.166667e-02, 24
26, 9.993286e+00, 1.496141e+03, 2.500000e-02, 40
27, 9.693289e+00, 1.469997e+03, 2.631579e-02, 38
28, 8.674276e+00, 1.376425e+03, 3.125000e-02, 32
29, 8.402051e+00, 1.352671e+03, 3.448276e-02, 29
30, 1.466720e+00, 3.674315e+02, 2.500000e-01, 4
31, 3.744011e+00, 7.932043e+02, 6.250000e-02, 16
32, 2.843715e+00, 6.455190e+02, 7.142857e-02, 14
33, 1.709647e+00, 4.222366e+02, 2.000000e-01, 5
34, 9.737541e+00, 1.473883e+03, 2.564103e-02, 39
35, 7.418134e+00, 1.257868e+03, 4.000000e-02, 25
36, 7.166051e+00, 1.231346e+03, 4.347826e-02, 23
37, 3.088473e-01, 6.261865e+01, 1.000000e+00, 1
38, 6.450392e+00, 1.151759e+03, 4.545455e-02, 22
39, 8.127079e+00, 1.326221e+03, 3.846154e-02, 26
Generation: 1
ID, rc_coeff, likelihood, Fitness, Rank
0, 3.088473e-01, 6.261865e+01, 1.428571e-01, 7
1, 3.178935e-01, 6.520420e+01, 1.250000e-01, 8
2, 1.980516e+00, 4.799774e+02, 4.000000e-02, 25
3, 1.988538e-01, 3.193064e+01, 1.000000e+00, 1
4, 8.115625e+00, 1.325075e+03, 2.857143e-02, 35
5, 9.310148e+00, 1.435694e+03, 2.631579e-02, 38
6, 1.136113e+00, 2.879942e+02, 5.263158e-02, 19
7, 6.636880e-01, 1.635549e+02, 7.692308e-02, 13
8, 7.017265e+00, 1.214820e+03, 2.941176e-02, 34
9, 3.529338e-01, 7.524018e+01, 1.111111e-01, 9
10, 9.961959e+00, 1.493436e+03, 2.500000e-02, 40
11, 2.722736e+00, 6.237529e+02, 3.571429e-02, 28
12, 1.120763e+00, 2.841594e+02, 6.250000e-02, 16
13, 9.050562e+00, 1.411940e+03, 2.777778e-02, 36
14, 2.150907e+00, 5.145790e+02, 3.846154e-02, 26
15, 1.972327e+00, 4.782702e+02, 4.166667e-02, 24
16, 2.590815e+00, 5.995124e+02, 3.703704e-02, 27
17, 1.681639e+00, 4.160559e+02, 4.761905e-02, 21
18, 9.106707e+00, 1.417326e+03, 2.702703e-02, 37
19, 2.010852e-01, 3.252975e+01, 5.000000e-01, 2
20, 3.044047e-01, 6.135137e+01, 2.000000e-01, 5
21, 1.757792e+00, 4.327749e+02, 4.545455e-02, 22
22, 3.559586e-01, 7.610897e+01, 1.000000e-01, 10
23, 2.792405e+00, 6.363418e+02, 3.448276e-02, 29
24, 9.533310e+00, 1.455843e+03, 2.564103e-02, 39
25, 4.711317e-01, 1.092006e+02, 9.090909e-02, 11
26, 1.108319e+00, 2.810415e+02, 6.666667e-02, 15
27, 4.771129e+00, 9.430424e+02, 3.333333e-02, 30
28, 5.366435e+00, 1.020640e+03, 3.125000e-02, 32
29, 6.408083e-01, 1.571925e+02, 8.333333e-02, 12
30, 6.956689e+00, 1.208202e+03, 3.030303e-02, 33
31, 1.103165e+00, 2.797481e+02, 7.142857e-02, 14
32, 1.132440e+00, 2.870786e+02, 5.555556e-02, 18
33, 1.499089e+00, 3.748860e+02, 5.000000e-02, 20
34, 1.126474e+00, 2.855875e+02, 5.882353e-02, 17
35, 1.935851e+00, 4.706334e+02, 4.347826e-02, 23
36, 2.940197e-01, 5.839396e+01, 2.500000e-01, 4
37, 3.060373e-01, 6.181682e+01, 1.666667e-01, 6
38, 4.999389e+00, 9.727832e+02, 3.225806e-02, 31
39, 2.373585e-01, 4.245278e+01, 3.333333e-01, 3
Generation: 2
ID, rc_coeff, likelihood, Fitness, Rank
0, 1.988538e-01, 3.193064e+01, 2.000000e-01, 5
1, 2.019874e-01, 3.277240e+01, 1.666667e-01, 6
2, 7.242249e+00, 1.239488e+03, 2.702703e-02, 37
3, 1.053859e+00, 2.672864e+02, 3.703704e-02, 27
4, 1.924473e-01, 3.021863e+01, 2.500000e-01, 4
5, 1.065657e+00, 2.702816e+02, 3.571429e-02, 28
6, 1.376409e-01, 1.628315e+01, 5.000000e-01, 2
7, 3.741074e-01, 8.132454e+01, 5.263158e-02, 19
8, 3.363164e-01, 7.048059e+01, 7.142857e-02, 14
9, 3.514634e-01, 7.481778e+01, 6.250000e-02, 16
10, 8.517464e+00, 1.361511e+03, 2.564103e-02, 39
11, 3.246166e-01, 6.712818e+01, 7.692308e-02, 13
12, 4.110158e-01, 9.194143e+01, 4.761905e-02, 21
13, 2.805305e+00, 6.386570e+02, 3.225806e-02, 31
14, 3.708362e-01, 8.038414e+01, 5.555556e-02, 18
15, 4.888962e-01, 1.142815e+02, 4.545455e-02, 22
16, 6.888044e+00, 1.200929e+03, 3.030303e-02, 33
17, 2.902623e-01, 5.732583e+01, 1.250000e-01, 8
18, 2.431775e-01, 4.407065e+01, 1.428571e-01, 7
19, 7.272846e-01, 1.810840e+02, 4.347826e-02, 23
20, 2.142015e+00, 5.127898e+02, 3.333333e-02, 30
21, 8.399316e-01, 2.115446e+02, 4.000000e-02, 25
22, 9.314863e+00, 1.436119e+03, 2.500000e-02, 40
23, 3.411708e-01, 7.186398e+01, 6.666667e-02, 15
24, 4.047020e-01, 9.012598e+01, 5.000000e-02, 20
25, 9.966317e-02, 7.895230e+00, 1.000000e+00, 1
26, 3.295883e+00, 7.239284e+02, 3.125000e-02, 32
27, 7.024095e+00, 1.215563e+03, 2.941176e-02, 34
28, 3.514795e-01, 7.482266e+01, 5.882353e-02, 17
29, 1.846206e+00, 4.518708e+02, 3.448276e-02, 29
30, 3.039457e-01, 6.122049e+01, 1.111111e-01, 9
31, 3.083542e-01, 6.247793e+01, 1.000000e-01, 10
32, 1.053853e+00, 2.672839e+02, 3.846154e-02, 26
33, 8.379551e+00, 1.350470e+03, 2.631579e-02, 38
34, 3.216532e-01, 6.627980e+01, 9.090909e-02, 11
35, 3.239933e-01, 6.694954e+01, 8.333333e-02, 12
36, 7.224734e+00, 1.237642e+03, 2.777778e-02, 36
37, 1.506532e-01, 1.944608e+01, 3.333333e-01, 3
38, 7.194185e+00, 1.234369e+03, 2.857143e-02, 35
39, 8.064379e-01, 2.025667e+02, 4.166667e-02, 24
Generation: 3
ID, rc_coeff, likelihood, Fitness, Rank
0, 9.966317e-02, 7.895230e+00, 1.250000e-01, 8
1, 1.039653e-01, 8.763003e+00, 1.000000e-01, 10
2, 1.440708e-01, 1.783195e+01, 7.692308e-02, 13
3, 3.881460e-01, 8.536153e+01, 3.448276e-02, 29
4, 1.435948e-01, 1.771631e+01, 9.090909e-02, 11
5, 1.437865e-01, 1.776294e+01, 8.333333e-02, 12
6, 1.017442e-01, 8.311865e+00, 1.111111e-01, 9
7, 9.712305e-02, 7.395602e+00, 1.428571e-01, 7
8, 3.120478e-01, 6.353367e+01, 4.000000e-02, 25
9, 3.240542e-01, 6.696700e+01, 3.846154e-02, 26
10, 9.571395e-02, 7.122714e+00, 1.666667e-01, 6
11, 1.042900e+00, 2.644972e+02, 3.125000e-02, 32
12, 1.953851e-01, 3.100207e+01, 5.555556e-02, 18
13, 2.299913e+00, 5.440715e+02, 2.857143e-02, 35
14, 3.714249e-01, 8.055346e+01, 3.571429e-02, 28
15, 1.741935e-01, 2.541985e+01, 6.250000e-02, 16
16, 1.889250e-01, 2.928321e+01, 5.882353e-02, 17
17, 3.192735e+00, 7.059336e+02, 2.777778e-02, 36
18, 3.997137e-01, 8.869162e+01, 3.333333e-02, 30
19, 7.020007e-02, 2.836614e+00, 2.500000e-01, 4
20, 2.544630e-01, 4.722172e+01, 4.166667e-02, 24
21, 1.675623e-01, 2.370975e+01, 7.142857e-02, 14
22, 2.308910e-01, 4.066294e+01, 4.347826e-02, 23
23, 2.021153e-01, 3.280685e+01, 4.761905e-02, 21
24, 3.270304e-02, 5.279484e-01, 3.333333e-01, 3
25, 3.797905e+00, 8.015989e+02, 2.702703e-02, 37
26, 1.722271e-01, 2.491061e+01, 6.666667e-02, 15
27, 6.793406e+00, 1.190461e+03, 2.631579e-02, 38
28, 2.049608e-01, 3.357407e+01, 4.545455e-02, 22
29, 3.595998e-02, 4.107914e-01, 5.000000e-01, 2
30, 8.431596e-02, 5.040012e+00, 2.000000e-01, 5
31, 7.302939e-01, 1.819075e+02, 3.225806e-02, 31
32, 3.418212e-01, 7.205046e+01, 3.703704e-02, 27
33, 1.635490e+00, 4.057945e+02, 2.941176e-02, 34
34, 1.965934e-01, 3.132500e+01, 5.263158e-02, 19
35, 3.603855e-02, 4.090055e-01, 1.000000e+00, 1
36, 6.934992e+00, 1.205823e+03, 2.564103e-02, 39
37, 1.968028e-01, 3.138119e+01, 5.000000e-02, 20
38, 1.162683e+00, 2.946003e+02, 3.030303e-02, 33
39, 8.197140e+00, 1.332605e+03, 2.500000e-02, 40
Generation: 4
ID, rc_coeff, likelihood, Fitness, Rank
0, 3.603855e-02, 4.090055e-01, 1.428571e-01, 7
1, 3.570051e-02, 4.170393e-01, 1.250000e-01, 8
2, 1.959894e-01, 3.116348e+01, 3.703704e-02, 27
3, 2.406500e-01, 4.336641e+01, 3.225806e-02, 31
4, 3.567979e-01, 7.634997e+01, 3.125000e-02, 32
5, 3.912494e-01, 8.625391e+01, 3.030303e-02, 33
6, 2.057566e-01, 3.378906e+01, 3.448276e-02, 29
7, 8.940414e-02, 5.940824e+00, 5.882353e-02, 17
8, 6.706330e-02, 2.417217e+00, 7.142857e-02, 14
9, 1.030142e-01, 8.569001e+00, 4.761905e-02, 21
10, 1.123670e+00, 2.848874e+02, 2.702703e-02, 37
11, 2.229148e+00, 5.301977e+02, 2.564103e-02, 39
12, 3.164591e-02, 5.849705e-01, 8.333333e-02, 12
13, 3.756831e-02, 3.834070e-01, 5.000000e-01, 2
14, 3.616754e-02, 4.061727e-01, 1.666667e-01, 6
15, 3.501163e-02, 4.361392e-01, 1.111111e-01, 9
16, 5.055648e-02, 7.712803e-01, 7.692308e-02, 13
17, 6.706560e+00, 1.181050e+03, 2.500000e-02, 40
18, 4.196341e-03, 7.127734e+00, 5.555556e-02, 18
19, 2.380962e-01, 4.265722e+01, 3.333333e-02, 30
20, 1.016534e-01, 8.293527e+00, 5.000000e-02, 20
21, 7.553192e-02, 3.612166e+00, 6.250000e-02, 16
22, 4.603872e-02, 5.261271e-01, 1.000000e-01, 10
23, 1.932275e-01, 3.042635e+01, 4.000000e-02, 25
24, 1.950327e-01, 3.090806e+01, 3.846154e-02, 26
25, 1.034848e+00, 2.624440e+02, 2.777778e-02, 36
26, 1.799994e-01, 2.693217e+01, 4.166667e-02, 24
27, 9.850090e-02, 7.665414e+00, 5.263158e-02, 19
28, 3.256518e-02, 5.348310e-01, 9.090909e-02, 11
29, 8.980530e-01, 2.269621e+02, 2.857143e-02, 35
30, 5.155289e-01, 1.218786e+02, 2.941176e-02, 34
31, 3.901958e-02, 3.747685e-01, 1.000000e+00, 1
32, 1.791308e-01, 2.670517e+01, 4.347826e-02, 23
33, 1.725188e-01, 2.498610e+01, 4.545455e-02, 22
34, 1.727659e+00, 4.261919e+02, 2.631579e-02, 38
35, 3.651714e-02, 3.991279e-01, 2.500000e-01, 4
36, 3.670140e-02, 3.957831e-01, 3.333333e-01, 3
37, 3.639613e-02, 4.014620e-01, 2.000000e-01, 5
38, 7.170860e-02, 3.048335e+00, 6.666667e-02, 15
39, 2.047786e-01, 3.352494e+01, 3.571429e-02, 28
Generation: 5
ID, rc_coeff, likelihood, Fitness, Rank
0, 3.901958e-02, 3.747685e-01, 5.000000e-01, 2
1, 3.852104e-02, 3.760668e-01, 2.500000e-01, 4
2, 3.863158e-02, 3.756244e-01, 3.333333e-01, 3
3, 3.351421e+00, 7.328085e+02, 2.631579e-02, 38
4, 2.254290e-01, 3.915478e+01, 3.030303e-02, 33
5, 4.529927e-02, 4.963050e-01, 6.666667e-02, 15
6, 1.024037e-01, 8.445215e+00, 3.448276e-02, 29
7, 3.103883e-03, 7.693485e+00, 3.846154e-02, 26
8, 3.838674e-02, 3.767110e-01, 1.666667e-01, 6
9, 4.060779e-02, 3.819260e-01, 1.428571e-01, 7
10, 3.702021e-02, 3.905850e-01, 1.000000e-01, 10
11, 3.511518e-02, 4.330216e-01, 8.333333e-02, 12
12, 4.373112e-02, 4.433362e-01, 7.142857e-02, 14
13, 3.039117e-02, 6.655784e-01, 4.761905e-02, 21
14, 9.944447e-02, 7.851834e+00, 3.703704e-02, 27
15, 4.876327e-02, 6.614756e-01, 5.000000e-02, 20
16, 6.837415e+00, 1.195339e+03, 2.500000e-02, 40
17, 8.207737e-02, 4.659976e+00, 4.166667e-02, 24
18, 3.065637e-02, 6.473392e-01, 5.263158e-02, 19
19, 4.747208e-02, 5.924499e-01, 5.882353e-02, 17
20, 1.119495e+00, 2.838439e+02, 2.857143e-02, 35
21, 8.569959e-01, 2.160923e+02, 2.941176e-02, 34
22, 1.724537e+00, 4.255078e+02, 2.777778e-02, 36
23, 7.049168e-02, 2.877047e+00, 4.347826e-02, 23
24, 1.012842e-01, 8.219286e+00, 3.571429e-02, 28
25, 3.097322e-02, 6.264154e-01, 5.555556e-02, 18
26, 3.903862e-02, 3.747534e-01, 1.000000e+00, 1
27, 6.536676e+00, 1.161343e+03, 2.564103e-02, 39
28, 3.144363e+00, 6.978156e+02, 2.702703e-02, 37
29, 4.681687e-02, 5.607631e-01, 6.250000e-02, 16
30, 3.496960e-02, 4.374232e-01, 7.692308e-02, 13
31, 1.195911e-01, 1.211081e+01, 3.333333e-02, 30
32, 4.083860e-02, 3.843597e-01, 1.250000e-01, 8
33, 3.844066e-02, 3.764368e-01, 2.000000e-01, 5
34, 1.434212e-01, 1.767408e+01, 3.125000e-02, 32
35, 9.638973e-02, 7.253202e+00, 4.000000e-02, 25
36, 3.698579e-02, 3.911089e-01, 9.090909e-02, 11
37, 3.705078e-02, 3.901264e-01, 1.111111e-01, 9
38, 1.404018e-01, 1.694461e+01, 3.225806e-02, 31
39, 2.024001e-02, 1.920375e+00, 4.545455e-02, 22
Generation: 6
ID, rc_coeff, likelihood, Fitness, Rank
0, 3.903862e-02, 3.747534e-01, 5.000000e-01, 2
1, 3.950988e-02, 3.751682e-01, 2.500000e-01, 4
2, 3.052490e-02, 6.562948e-01, 3.846154e-02, 26
3, 6.708698e+00, 1.181289e+03, 2.500000e-02, 40
4, 8.789750e-01, 2.219240e+02, 2.631579e-02, 38
5, 3.885500e-02, 3.750042e-01, 3.333333e-01, 3
6, 2.660743e-02, 9.999280e-01, 3.448276e-02, 29
7, 4.948368e-02, 7.036789e-01, 3.703704e-02, 27
8, 3.980477e-02, 3.761888e-01, 1.250000e-01, 8
9, 3.829331e-02, 3.772338e-01, 9.090909e-02, 11
10, 4.037906e-02, 3.798579e-01, 7.142857e-02, 14
11, 3.964244e-02, 3.755569e-01, 1.666667e-01, 6
12, 8.655705e-01, 2.183708e+02, 2.702703e-02, 37
13, 1.157624e-01, 1.126488e+01, 3.125000e-02, 32
14, 3.750616e-02, 3.841105e-01, 6.666667e-02, 15
15, 4.015658e-02, 3.781764e-01, 7.692308e-02, 13
16, 4.629458e-02, 5.371527e-01, 4.545455e-02, 22
17, 3.509204e-02, 4.337102e-01, 5.263158e-02, 19
18, 4.585565e-01, 1.055916e+02, 2.857143e-02, 35
19, 3.984024e-02, 3.763514e-01, 1.111111e-01, 9
20, 5.246940e-01, 1.244867e+02, 2.777778e-02, 36
21, 4.670095e-02, 5.553919e-01, 4.347826e-02, 23
22, 4.490628e-02, 4.817053e-01, 4.761905e-02, 21
23, 2.824027e-02, 8.381346e-01, 3.571429e-02, 28
24, 3.991594e-02, 3.767272e-01, 1.000000e-01, 10
25, 3.958374e-02, 3.753700e-01, 2.000000e-01, 5
26, 4.002234e-02, 3.773202e-01, 8.333333e-02, 12
27, 2.452260e-01, 4.464103e+01, 3.030303e-02, 33
28, 3.726655e-02, 3.870882e-01, 6.250000e-02, 16
29, 3.977932e-02, 3.760769e-01, 1.428571e-01, 7
30, 4.399520e-02, 4.512579e-01, 5.000000e-02, 20
31, 9.640620e-02, 7.256397e+00, 3.225806e-02, 31
32, 3.923640e-02, 3.747427e-01, 1.000000e+00, 1
33, 3.691010e-02, 3.922924e-01, 5.555556e-02, 18
34, 3.163134e-02, 5.858265e-01, 4.000000e-02, 25
35, 2.528748e-01, 4.677714e+01, 2.941176e-02, 34
36, 3.181690e-02, 5.750860e-01, 4.166667e-02, 24
37, 8.876402e-02, 5.824806e+00, 3.333333e-02, 30
38, 4.112130e-02, 3.878063e-01, 5.882353e-02, 17
39, 6.565825e+00, 1.164650e+03, 2.564103e-02, 39
Generation: 7
ID, rc_coeff, likelihood, Fitness, Rank
0, 3.923640e-02, 3.747427e-01, 1.000000e+00, 1
1, 3.901158e-02, 3.747757e-01, 3.333333e-01, 3
2, 3.898263e-02, 3.748052e-01, 2.500000e-01, 4
3, 2.680461e-02, 9.789118e-01, 3.225806e-02, 31
4, 2.983227e-02, 7.061467e-01, 3.846154e-02, 26
5, 4.137151e-02, 3.912899e-01, 5.882353e-02, 17
6, 2.981569e-02, 7.073962e-01, 3.703704e-02, 27
7, 4.889916e-02, 6.692376e-01, 4.166667e-02, 24
8, 3.998033e-02, 3.770771e-01, 1.428571e-01, 7
9, 4.155509e-02, 3.941004e-01, 5.263158e-02, 19
10, 7.698945e-02, 3.836855e+00, 2.941176e-02, 34
11, 4.987960e-02, 7.279713e-01, 3.448276e-02, 29
12, 4.023793e-02, 3.787528e-01, 1.000000e-01, 10
13, 3.999622e-02, 3.771678e-01, 1.250000e-01, 8
14, 2.907800e-02, 7.655964e-01, 3.333333e-02, 30
15, 4.268501e-02, 4.160490e-01, 4.761905e-02, 21
16, 4.152658e-02, 3.936501e-01, 5.555556e-02, 18
17, 4.222359e-02, 4.061254e-01, 5.000000e-02, 20
18, 3.429618e+00, 7.460560e+02, 2.564103e-02, 39
19, 4.593781e-02, 5.218787e-01, 4.545455e-02, 22
20, 3.865336e-02, 3.755485e-01, 1.666667e-01, 6
21, 6.902308e+00, 1.202500e+03, 2.500000e-02, 40
22, 3.926587e-02, 3.747640e-01, 5.000000e-01, 2
23, 3.030831e-02, 6.714090e-01, 4.000000e-02, 25
24, 3.412421e+00, 7.432482e+02, 2.631579e-02, 38
25, 4.104261e-02, 3.867936e-01, 7.142857e-02, 14
26, 2.566404e-02, 1.106266e+00, 3.030303e-02, 33
27, 2.633986e-02, 1.029100e+00, 3.125000e-02, 32
28, 4.118179e-02, 3.886119e-01, 6.250000e-02, 16
29, 3.962484e-02, 3.754984e-01, 2.000000e-01, 5
30, 2.474607e-01, 4.526426e+01, 2.857143e-02, 35
31, 4.691698e-02, 5.654547e-01, 4.347826e-02, 23
32, 4.049232e-02, 3.808387e-01, 9.090909e-02, 11
33, 3.331101e+00, 7.297678e+02, 2.702703e-02, 37
34, 3.760025e-02, 3.830554e-01, 8.333333e-02, 12
35, 4.016610e-02, 3.782415e-01, 1.111111e-01, 9
36, 8.447651e-01, 2.128344e+02, 2.777778e-02, 36
37, 4.099074e-02, 3.861476e-01, 7.692308e-02, 13
38, 4.112278e-02, 3.878260e-01, 6.666667e-02, 15
39, 2.955507e-02, 7.273541e-01, 3.571429e-02, 28
