n 425, BTC size 425
0.01, 6.95336e-310
0.0233333, 6.95336e-310
0.0411111, 6.95336e-310
0.0648148, 6.95336e-310
0.0885185, 6.95336e-310
0.112222, 6.95336e-310
0.135926, 6.95336e-310
0.15963, 6.95336e-310
0.183333, 6.95336e-310
0.207037, 6.95336e-310
0.230741, 6.95336e-310
0.254444, 6.95336e-310
0.278148, 6.95336e-310
0.301852, 6.95336e-310
0.325556, 6.95336e-310
0.349259, 6.95336e-310
0.372963, 6.95336e-310
0.396667, 6.95336e-310
0.42037, 6.95336e-310
0.444074, 6.95336e-310
0.467778, 6.95336e-310
0.491481, 6.95336e-310
0.515185, 6.95336e-310
0.538889, 6.95336e-310
0.562593, 6.95336e-310
0.586296, 6.95336e-310
0.61, 6.95336e-310
0.633704, 6.95336e-310
0.657407, 6.95336e-310
0.681111, 6.95336e-310
0.704815, 6.95336e-310
0.728519, 6.95336e-310
0.752222, 6.95336e-310
0.775926, 6.95336e-310
0.79963, 6.95336e-310
0.823333, 6.95336e-310
0.847037, 6.95336e-310
0.870741, 6.95336e-310
0.894444, 6.95336e-310
0.918148, 6.95336e-310
0.941852, 6.95336e-310
0.965556, 6.95336e-310
0.989259, 6.95336e-310
1.01296, 6.95336e-310
1.03667, 6.95336e-310
1.06037, 6.95336e-310
1.08407, 6.95336e-310
1.10778, 6.95336e-310
1.13148, 6.95336e-310
1.15519, 6.95336e-310
1.17889, 6.95336e-310
1.20259, 6.95336e-310
1.2263, 6.95336e-310
1.25, 6.95336e-310
1.2737, 6.95336e-310
1.29741, 6.95336e-310
1.32111, 6.95336e-310
1.34481, 6.95336e-310
1.36852, 6.95336e-310
1.39222, 6.95336e-310
1.41593, 6.95336e-310
1.43963, 6.95336e-310
1.46333, 6.95336e-310
1.48704, 6.95336e-310
1.51074, 6.95336e-310
1.53444, 6.95336e-310
1.55815, 6.95336e-310
1.58185, 6.95336e-310
1.60556, 6.95336e-310
1.62926, 6.95336e-310
1.65296, 6.95336e-310
1.67667, 6.95336e-310
1.70037, 6.95336e-310
1.72407, 6.95336e-310
1.74778, 6.95336e-310
1.77148, 6.95336e-310
1.79519, 6.95336e-310
1.81889, 6.95336e-310
1.84259, 6.95336e-310
1.8663, 6.95336e-310
1.89, 6.95336e-310
1.9137, 6.95336e-310
1.93741, 6.95336e-310
1.96111, 6.95336e-310
1.98481, 6.95336e-310
2.00852, 6.95336e-310
2.03222, 6.95336e-310
2.05593, 6.95336e-310
2.07963, 6.95336e-310
2.10333, 6.95336e-310
2.12704, 6.95336e-310
2.15074, 6.95336e-310
2.17444, 6.95336e-310
2.19815, 6.95336e-310
2.22185, 6.95336e-310
2.24556, 6.95336e-310
2.26926, 6.95336e-310
2.29296, 6.95336e-310
2.31667, 6.95336e-310
2.34037, 6.95336e-310
2.36407, 6.95336e-310
2.38778, 6.95336e-310
2.41148, 6.95336e-310
2.43519, 6.95336e-310
2.45889, 6.95336e-310
2.48259, 6.95336e-310
2.5063, 6.95336e-310
2.53, 6.95336e-310
2.5537, 6.95336e-310
2.57741, 6.95336e-310
2.60111, 6.95336e-310
2.62481, 6.95336e-310
2.64852, 6.95336e-310
2.67222, 6.95336e-310
2.69593, 6.95336e-310
2.71963, 6.95336e-310
2.74333, 6.95336e-310
2.76704, 6.95336e-310
2.79074, 6.95336e-310
2.81444, 6.95336e-310
2.83815, 6.95336e-310
2.86185, 6.95336e-310
2.88556, 6.95336e-310
2.90926, 6.95336e-310
2.93296, 6.95336e-310
2.95667, 6.95336e-310
2.98037, 6.95336e-310
3.00407, 6.95336e-310
3.02778, 6.95336e-310
3.05148, 6.95336e-310
3.07519, 6.95336e-310
3.09889, 6.95336e-310
3.12259, 6.95336e-310
3.1463, 6.95336e-310
3.17, 6.95336e-310
3.1937, 6.95336e-310
3.21741, 6.95336e-310
3.24111, 6.95336e-310
3.26481, 6.95336e-310
3.28852, 6.95336e-310
3.31222, 6.95336e-310
3.33593, 6.95336e-310
3.35963, 6.95336e-310
3.38333, 6.95336e-310
3.40704, 6.95336e-310
3.43074, 6.95336e-310
3.45444, 6.95336e-310
3.47815, 6.95336e-310
3.50185, 6.95336e-310
3.52556, 6.95336e-310
3.54926, 6.95336e-310
3.57296, 6.95336e-310
3.59667, 6.95336e-310
3.62037, 6.95336e-310
3.64407, 6.95336e-310
3.66778, 6.95336e-310
3.69148, 6.95336e-310
3.71519, 6.95336e-310
3.73889, 6.95336e-310
3.76259, 6.95336e-310
3.7863, 6.95336e-310
3.81, 6.95336e-310
3.8337, 6.95336e-310
3.85741, 6.95336e-310
3.88111, 6.95336e-310
3.90481, 6.95336e-310
3.92852, 6.95336e-310
3.95222, 6.95336e-310
3.97593, 6.95336e-310
3.99963, 6.95336e-310
4.02333, 6.95336e-310
4.04704, 6.95336e-310
4.07074, 6.95336e-310
4.09444, 6.95336e-310
4.11815, 6.95336e-310
4.14185, 6.95336e-310
4.16556, 6.95336e-310
4.18926, 6.95336e-310
4.21296, 6.95336e-310
4.23667, 6.95336e-310
4.26037, 6.95336e-310
4.28407, 6.95336e-310
4.30778, 6.95336e-310
4.33148, 6.95336e-310
4.35519, 6.95336e-310
4.37889, 6.95336e-310
4.40259, 6.95336e-310
4.4263, 6.95336e-310
4.45, 6.95336e-310
4.4737, 6.95336e-310
4.49741, 6.95336e-310
4.52111, 6.95336e-310
4.54481, 6.95336e-310
4.56852, 6.95336e-310
4.59222, 6.95336e-310
4.61593, 6.95336e-310
4.63963, 6.95336e-310
4.66333, 6.95336e-310
4.68704, 6.95336e-310
4.71074, 6.95336e-310
4.73444, 6.95336e-310
4.75815, 6.95336e-310
4.78185, 6.95336e-310
4.80556, 6.95336e-310
4.82926, 6.95336e-310
4.85296, 6.95336e-310
4.87667, 6.95336e-310
4.90037, 6.95336e-310
4.92407, 6.95336e-310
4.94778, 6.95336e-310
4.97148, 6.95336e-310
4.99519, 6.95336e-310
5.01889, 6.95336e-310
5.04259, 6.95336e-310
5.0663, 6.95336e-310
5.09, 6.95336e-310
5.1137, 6.95336e-310
5.13741, 6.95336e-310
5.16111, 6.95336e-310
5.18481, 6.95336e-310
5.20852, 6.95336e-310
5.23222, 6.95336e-310
5.25593, 6.95336e-310
5.27963, 6.95336e-310
5.30333, 6.95336e-310
5.32704, 6.95336e-310
5.35074, 6.95336e-310
5.37444, 6.95336e-310
5.39815, 6.95336e-310
5.42185, 6.95336e-310
5.44556, 6.95336e-310
5.46926, 6.95336e-310
5.49296, 6.95336e-310
5.51667, 6.95336e-310
5.54037, 6.95336e-310
5.56407, 6.95336e-310
5.58778, 6.95336e-310
5.61148, 6.95336e-310
5.63519, 6.95336e-310
5.65889, 6.95336e-310
5.68259, 6.95336e-310
5.7063, 6.95336e-310
5.73, 6.95336e-310
5.7537, 6.95336e-310
5.77741, 6.95336e-310
5.80111, 6.95336e-310
5.82481, 6.95336e-310
5.84852, 6.95336e-310
5.87222, 6.95336e-310
5.89593, 6.95336e-310
5.91963, 6.95336e-310
5.94333, 6.95336e-310
5.96704, 6.95336e-310
5.99074, 6.95336e-310
6.01444, 6.95336e-310
6.03815, 6.95336e-310
6.06185, 6.95336e-310
6.08556, 6.95336e-310
6.10926, 6.95336e-310
6.13296, 6.95336e-310
6.15667, 6.95336e-310
6.18037, 6.95336e-310
6.20407, 6.95336e-310
6.22778, 6.95336e-310
6.25148, 6.95336e-310
6.27519, 6.95336e-310
6.29889, 6.95336e-310
6.32259, 6.95336e-310
6.3463, 6.95336e-310
6.37, 6.95336e-310
6.3937, 6.95336e-310
6.41741, 6.95336e-310
6.44111, 6.95336e-310
6.46481, 6.95336e-310
6.48852, 6.95336e-310
6.51222, 6.95336e-310
6.53593, 6.95336e-310
6.55963, 6.95336e-310
6.58333, 6.95336e-310
6.60704, 6.95336e-310
6.63074, 6.95336e-310
6.65444, 6.95336e-310
6.67815, 6.95336e-310
6.70185, 6.95336e-310
6.72556, 6.95336e-310
6.74926, 6.95336e-310
6.77296, 6.95336e-310
6.79667, 6.95336e-310
6.82037, 6.95336e-310
6.84407, 6.95336e-310
6.86778, 6.95336e-310
6.89148, 6.95336e-310
6.91519, 6.95336e-310
6.93889, 6.95336e-310
6.96259, 6.95336e-310
6.9863, 6.95336e-310
7.01, 6.95336e-310
7.0337, 6.95336e-310
7.05741, 6.95336e-310
7.08111, 6.95336e-310
7.10481, 6.95336e-310
7.12852, 6.95336e-310
7.15222, 6.95336e-310
7.17593, 6.95336e-310
7.19963, 6.95336e-310
7.22333, 6.95336e-310
7.24704, 6.95336e-310
7.27074, 6.95336e-310
7.29444, 6.95336e-310
7.31815, 6.95336e-310
7.34185, 6.95336e-310
7.36556, 6.95336e-310
7.38926, 6.95336e-310
7.41296, 6.95336e-310
7.43667, 6.95336e-310
7.46037, 6.95336e-310
7.48407, 6.95336e-310
7.50778, 6.95336e-310
7.53148, 6.95336e-310
7.55519, 6.95336e-310
7.57889, 6.95336e-310
7.60259, 6.95336e-310
7.6263, 6.95336e-310
7.65, 6.95336e-310
7.6737, 6.95336e-310
7.69741, 6.95336e-310
7.72111, 6.95336e-310
7.74481, 6.95336e-310
7.76852, 6.95336e-310
7.79222, 6.95336e-310
7.81593, 6.95336e-310
7.83963, 6.95336e-310
7.86333, 6.95336e-310
7.88704, 6.95336e-310
7.91074, 6.95336e-310
7.93444, 6.95336e-310
7.95815, 6.95336e-310
7.98185, 6.95336e-310
8.00556, 6.95336e-310
8.02926, 6.95336e-310
8.05296, 6.95336e-310
8.07667, 6.95336e-310
8.10037, 6.95336e-310
8.12407, 6.95336e-310
8.14778, 6.95336e-310
8.17148, 6.95336e-310
8.19519, 6.95336e-310
8.21889, 6.95336e-310
8.24259, 6.95336e-310
8.2663, 6.95336e-310
8.29, 6.95336e-310
8.3137, 6.95336e-310
8.33741, 6.95336e-310
8.36111, 6.95336e-310
8.38481, 6.95336e-310
8.40852, 6.95336e-310
8.43222, 6.95336e-310
8.45593, 6.95336e-310
8.47963, 6.95336e-310
8.50333, 6.95336e-310
8.52704, 6.95336e-310
8.55074, 6.95336e-310
8.57444, 6.95336e-310
8.59815, 6.95336e-310
8.62185, 6.95336e-310
8.64556, 6.95336e-310
8.66926, 6.95336e-310
8.69296, 6.95336e-310
8.71667, 6.95336e-310
8.74037, 6.95336e-310
8.76407, 6.95336e-310
8.78778, 6.95336e-310
8.81148, 6.95336e-310
8.83519, 6.95336e-310
8.85889, 6.95336e-310
8.88259, 6.95336e-310
8.9063, 6.95336e-310
8.93, 6.95336e-310
8.9537, 6.95336e-310
8.97741, 6.95336e-310
9.00111, 6.95336e-310
9.02481, 6.95336e-310
9.04852, 6.95336e-310
9.07222, 6.95336e-310
9.09593, 6.95336e-310
9.11963, 6.95336e-310
9.14333, 6.95336e-310
9.16704, 6.95336e-310
9.19074, 6.95336e-310
9.21444, 6.95336e-310
9.23815, 6.95336e-310
9.26185, 6.95336e-310
9.28556, 6.95336e-310
9.30926, 6.95336e-310
9.33296, 6.95336e-310
9.35667, 6.95336e-310
9.38037, 6.95336e-310
9.40407, 6.95336e-310
9.42778, 6.95336e-310
9.45148, 6.95336e-310
9.47519, 6.95336e-310
9.49889, 6.95336e-310
9.52259, 6.95336e-310
9.5463, 6.95336e-310
9.57, 6.95336e-310
9.5937, 6.95336e-310
9.61741, 6.95336e-310
9.64111, 6.95336e-310
9.66481, 6.95336e-310
9.68852, 6.95336e-310
9.71222, 6.95336e-310
9.73593, 6.95336e-310
9.75963, 6.95336e-310
9.78333, 6.95336e-310
9.80704, 6.95336e-310
9.83074, 6.95336e-310
9.85444, 6.95336e-310
9.87815, 6.95336e-310
9.90185, 6.95336e-310
9.92556, 6.95336e-310
9.94926, 6.95336e-310
9.97296, 6.95336e-310
9.99667, 6.95336e-310
10.0204, 6.95336e-310
10.0441, 6.95336e-310
