t, Reservoir1_Storage, t, Reservoir1_inflow, t, Reservoir2_Storage, t, Reservoir2_inflow, t, User1_Storage, t, myLink_flow, t, User_link_flow, 
0.000000, 6.953356e-310,0.000000, 6.953356e-310,0.000000, 6.953356e-310,0.000000, 6.953356e-310,0.000000, 6.953356e-310,0.000000, 6.953356e-310,0.000000, 6.953356e-310,
0.010000, 1.500000e+01,0.010000, 0.000000e+00,0.010000, 1.499000e+01,0.010000, 0.000000e+00,0.010000, 1.000000e-02,0.010000, 6.953356e-310,0.010000, 1.000000e+00,
0.023333, 1.500000e+01,0.023333, 0.000000e+00,0.023333, 1.497667e+01,0.023333, 0.000000e+00,0.023333, 2.333332e-02,0.023333, 6.953356e-310,0.023333, 1.000000e+00,
0.041111, 1.500000e+01,0.041111, 0.000000e+00,0.041111, 1.495889e+01,0.041111, 0.000000e+00,0.041111, 4.111108e-02,0.041111, 6.953356e-310,0.041111, 1.000000e+00,
0.064815, 1.500000e+01,0.064815, 0.000000e+00,0.064815, 1.493519e+01,0.064815, 0.000000e+00,0.064815, 6.481477e-02,0.064815, 6.953356e-310,0.064815, 1.000000e+00,
0.088519, 1.500000e+01,0.088519, 0.000000e+00,0.088519, 1.491148e+01,0.088519, 0.000000e+00,0.088519, 8.851846e-02,0.088519, 6.953356e-310,0.088519, 1.000000e+00,
0.112222, 1.500000e+01,0.112222, 0.000000e+00,0.112222, 1.488778e+01,0.112222, 0.000000e+00,0.112222, 1.122221e-01,0.112222, 6.953356e-310,0.112222, 1.000000e+00,
0.135926, 1.500000e+01,0.135926, 0.000000e+00,0.135926, 1.486407e+01,0.135926, 0.000000e+00,0.135926, 1.359258e-01,0.135926, 6.953356e-310,0.135926, 1.000000e+00,
0.159630, 1.500000e+01,0.159630, 0.000000e+00,0.159630, 1.484037e+01,0.159630, 0.000000e+00,0.159630, 1.596295e-01,0.159630, 6.953356e-310,0.159630, 1.000000e+00,
0.183333, 1.500000e+01,0.183333, 0.000000e+00,0.183333, 1.481667e+01,0.183333, 0.000000e+00,0.183333, 1.833332e-01,0.183333, 6.953356e-310,0.183333, 1.000000e+00,
0.207037, 1.500000e+01,0.207037, 0.000000e+00,0.207037, 1.479296e+01,0.207037, 0.000000e+00,0.207037, 2.070369e-01,0.207037, 6.953356e-310,0.207037, 1.000000e+00,
0.230741, 1.500000e+01,0.230741, 0.000000e+00,0.230741, 1.476926e+01,0.230741, 0.000000e+00,0.230741, 2.307406e-01,0.230741, 6.953356e-310,0.230741, 1.000000e+00,
0.254444, 1.500000e+01,0.254444, 0.000000e+00,0.254444, 1.474556e+01,0.254444, 0.000000e+00,0.254444, 2.544443e-01,0.254444, 6.953356e-310,0.254444, 1.000000e+00,
0.278148, 1.500000e+01,0.278148, 0.000000e+00,0.278148, 1.472185e+01,0.278148, 0.000000e+00,0.278148, 2.781480e-01,0.278148, 6.953356e-310,0.278148, 1.000000e+00,
0.301852, 1.500000e+01,0.301852, 0.000000e+00,0.301852, 1.469815e+01,0.301852, 0.000000e+00,0.301852, 3.018517e-01,0.301852, 6.953356e-310,0.301852, 1.000000e+00,
0.325556, 1.500000e+01,0.325556, 0.000000e+00,0.325556, 1.467444e+01,0.325556, 0.000000e+00,0.325556, 3.255553e-01,0.325556, 6.953356e-310,0.325556, 1.000000e+00,
0.349259, 1.500000e+01,0.349259, 0.000000e+00,0.349259, 1.465074e+01,0.349259, 0.000000e+00,0.349259, 3.492590e-01,0.349259, 6.953356e-310,0.349259, 1.000000e+00,
0.372963, 1.500000e+01,0.372963, 0.000000e+00,0.372963, 1.462704e+01,0.372963, 0.000000e+00,0.372963, 3.729627e-01,0.372963, 6.953356e-310,0.372963, 1.000000e+00,
0.396667, 1.500000e+01,0.396667, 0.000000e+00,0.396667, 1.460333e+01,0.396667, 0.000000e+00,0.396667, 3.966664e-01,0.396667, 6.953356e-310,0.396667, 1.000000e+00,
0.420370, 1.500000e+01,0.420370, 0.000000e+00,0.420370, 1.457963e+01,0.420370, 0.000000e+00,0.420370, 4.203701e-01,0.420370, 6.953356e-310,0.420370, 1.000000e+00,
0.444074, 1.500000e+01,0.444074, 0.000000e+00,0.444074, 1.455593e+01,0.444074, 0.000000e+00,0.444074, 4.440738e-01,0.444074, 6.953356e-310,0.444074, 1.000000e+00,
0.467778, 1.500000e+01,0.467778, 0.000000e+00,0.467778, 1.453222e+01,0.467778, 0.000000e+00,0.467778, 4.677775e-01,0.467778, 6.953356e-310,0.467778, 1.000000e+00,
0.491481, 1.500000e+01,0.491481, 0.000000e+00,0.491481, 1.450852e+01,0.491481, 0.000000e+00,0.491481, 4.914812e-01,0.491481, 6.953356e-310,0.491481, 1.000000e+00,
0.515185, 1.500000e+01,0.515185, 0.000000e+00,0.515185, 1.448482e+01,0.515185, 0.000000e+00,0.515185, 5.151849e-01,0.515185, 6.953356e-310,0.515185, 1.000000e+00,
0.538889, 1.500000e+01,0.538889, 0.000000e+00,0.538889, 1.446111e+01,0.538889, 0.000000e+00,0.538889, 5.388885e-01,0.538889, 6.953356e-310,0.538889, 1.000000e+00,
0.562593, 1.500000e+01,0.562593, 0.000000e+00,0.562593, 1.443741e+01,0.562593, 0.000000e+00,0.562593, 5.625922e-01,0.562593, 6.953356e-310,0.562593, 1.000000e+00,
0.586296, 1.500000e+01,0.586296, 0.000000e+00,0.586296, 1.441370e+01,0.586296, 0.000000e+00,0.586296, 5.862959e-01,0.586296, 6.953356e-310,0.586296, 1.000000e+00,
0.610000, 1.500000e+01,0.610000, 0.000000e+00,0.610000, 1.439000e+01,0.610000, 0.000000e+00,0.610000, 6.099996e-01,0.610000, 6.953356e-310,0.610000, 1.000000e+00,
0.633704, 1.500000e+01,0.633704, 0.000000e+00,0.633704, 1.436630e+01,0.633704, 0.000000e+00,0.633704, 6.337033e-01,0.633704, 6.953356e-310,0.633704, 1.000000e+00,
0.657407, 1.500000e+01,0.657407, 0.000000e+00,0.657407, 1.434259e+01,0.657407, 0.000000e+00,0.657407, 6.574070e-01,0.657407, 6.953356e-310,0.657407, 1.000000e+00,
0.681111, 1.500000e+01,0.681111, 0.000000e+00,0.681111, 1.431889e+01,0.681111, 0.000000e+00,0.681111, 6.811107e-01,0.681111, 6.953356e-310,0.681111, 1.000000e+00,
0.704815, 1.500000e+01,0.704815, 0.000000e+00,0.704815, 1.429519e+01,0.704815, 0.000000e+00,0.704815, 7.048144e-01,0.704815, 6.953356e-310,0.704815, 1.000000e+00,
0.728519, 1.500000e+01,0.728519, 0.000000e+00,0.728519, 1.427148e+01,0.728519, 0.000000e+00,0.728519, 7.285180e-01,0.728519, 6.953356e-310,0.728519, 1.000000e+00,
0.752222, 1.500000e+01,0.752222, 0.000000e+00,0.752222, 1.424778e+01,0.752222, 0.000000e+00,0.752222, 7.522217e-01,0.752222, 6.953356e-310,0.752222, 1.000000e+00,
0.775926, 1.500000e+01,0.775926, 0.000000e+00,0.775926, 1.422407e+01,0.775926, 0.000000e+00,0.775926, 7.759254e-01,0.775926, 6.953356e-310,0.775926, 1.000000e+00,
0.799630, 1.500000e+01,0.799630, 0.000000e+00,0.799630, 1.420037e+01,0.799630, 0.000000e+00,0.799630, 7.996291e-01,0.799630, 6.953356e-310,0.799630, 1.000000e+00,
0.823333, 1.500000e+01,0.823333, 0.000000e+00,0.823333, 1.417667e+01,0.823333, 0.000000e+00,0.823333, 8.233328e-01,0.823333, 6.953356e-310,0.823333, 1.000000e+00,
0.847037, 1.500000e+01,0.847037, 0.000000e+00,0.847037, 1.415296e+01,0.847037, 0.000000e+00,0.847037, 8.470365e-01,0.847037, 6.953356e-310,0.847037, 1.000000e+00,
0.870741, 1.500000e+01,0.870741, 0.000000e+00,0.870741, 1.412926e+01,0.870741, 0.000000e+00,0.870741, 8.707402e-01,0.870741, 6.953356e-310,0.870741, 1.000000e+00,
0.894444, 1.500000e+01,0.894444, 0.000000e+00,0.894444, 1.410556e+01,0.894444, 0.000000e+00,0.894444, 8.944439e-01,0.894444, 6.953356e-310,0.894444, 1.000000e+00,
0.918148, 1.500000e+01,0.918148, 0.000000e+00,0.918148, 1.408185e+01,0.918148, 0.000000e+00,0.918148, 9.181476e-01,0.918148, 6.953356e-310,0.918148, 1.000000e+00,
0.941852, 1.500000e+01,0.941852, 0.000000e+00,0.941852, 1.405815e+01,0.941852, 0.000000e+00,0.941852, 9.418512e-01,0.941852, 6.953356e-310,0.941852, 1.000000e+00,
0.965556, 1.500000e+01,0.965556, 0.000000e+00,0.965556, 1.403445e+01,0.965556, 0.000000e+00,0.965556, 9.655549e-01,0.965556, 6.953356e-310,0.965556, 1.000000e+00,
0.989259, 1.500000e+01,0.989259, 0.000000e+00,0.989259, 1.401074e+01,0.989259, 0.000000e+00,0.989259, 9.892586e-01,0.989259, 6.953356e-310,0.989259, 1.000000e+00,
1.012963, 1.500000e+01,1.012963, 0.000000e+00,1.012963, 1.398704e+01,1.012963, 0.000000e+00,1.012963, 1.012962e+00,1.012963, 6.953356e-310,1.012963, 1.000000e+00,
1.036667, 1.500000e+01,1.036667, 0.000000e+00,1.036667, 1.396333e+01,1.036667, 0.000000e+00,1.036667, 1.036666e+00,1.036667, 6.953356e-310,1.036667, 1.000000e+00,
1.060370, 1.500000e+01,1.060370, 0.000000e+00,1.060370, 1.393963e+01,1.060370, 0.000000e+00,1.060370, 1.060370e+00,1.060370, 6.953356e-310,1.060370, 1.000000e+00,
1.084074, 1.500000e+01,1.084074, 0.000000e+00,1.084074, 1.391593e+01,1.084074, 0.000000e+00,1.084074, 1.084073e+00,1.084074, 6.953356e-310,1.084074, 1.000000e+00,
1.107778, 1.500000e+01,1.107778, 0.000000e+00,1.107778, 1.389222e+01,1.107778, 0.000000e+00,1.107778, 1.107777e+00,1.107778, 6.953356e-310,1.107778, 1.000000e+00,
1.131481, 1.500000e+01,1.131481, 0.000000e+00,1.131481, 1.386852e+01,1.131481, 0.000000e+00,1.131481, 1.131481e+00,1.131481, 6.953356e-310,1.131481, 1.000000e+00,
1.155185, 1.500000e+01,1.155185, 0.000000e+00,1.155185, 1.384482e+01,1.155185, 0.000000e+00,1.155185, 1.155184e+00,1.155185, 6.953356e-310,1.155185, 1.000000e+00,
1.178889, 1.500000e+01,1.178889, 0.000000e+00,1.178889, 1.382111e+01,1.178889, 0.000000e+00,1.178889, 1.178888e+00,1.178889, 6.953356e-310,1.178889, 1.000000e+00,
1.202593, 1.500000e+01,1.202593, 0.000000e+00,1.202593, 1.379741e+01,1.202593, 0.000000e+00,1.202593, 1.202592e+00,1.202593, 6.953356e-310,1.202593, 1.000000e+00,
1.226296, 1.500000e+01,1.226296, 0.000000e+00,1.226296, 1.377370e+01,1.226296, 0.000000e+00,1.226296, 1.226295e+00,1.226296, 6.953356e-310,1.226296, 1.000000e+00,
1.250000, 1.500000e+01,1.250000, 0.000000e+00,1.250000, 1.375000e+01,1.250000, 0.000000e+00,1.250000, 1.249999e+00,1.250000, 6.953356e-310,1.250000, 1.000000e+00,
1.273704, 1.500000e+01,1.273704, 0.000000e+00,1.273704, 1.372630e+01,1.273704, 0.000000e+00,1.273704, 1.273703e+00,1.273704, 6.953356e-310,1.273704, 1.000000e+00,
1.297407, 1.500000e+01,1.297407, 0.000000e+00,1.297407, 1.370259e+01,1.297407, 0.000000e+00,1.297407, 1.297407e+00,1.297407, 6.953356e-310,1.297407, 1.000000e+00,
1.321111, 1.500000e+01,1.321111, 0.000000e+00,1.321111, 1.367889e+01,1.321111, 0.000000e+00,1.321111, 1.321110e+00,1.321111, 6.953356e-310,1.321111, 1.000000e+00,
1.344815, 1.500000e+01,1.344815, 0.000000e+00,1.344815, 1.365519e+01,1.344815, 0.000000e+00,1.344815, 1.344814e+00,1.344815, 6.953356e-310,1.344815, 1.000000e+00,
1.368519, 1.500000e+01,1.368519, 0.000000e+00,1.368519, 1.363148e+01,1.368519, 0.000000e+00,1.368519, 1.368518e+00,1.368519, 6.953356e-310,1.368519, 1.000000e+00,
1.392222, 1.500000e+01,1.392222, 0.000000e+00,1.392222, 1.360778e+01,1.392222, 0.000000e+00,1.392222, 1.392221e+00,1.392222, 6.953356e-310,1.392222, 1.000000e+00,
1.415926, 1.500000e+01,1.415926, 0.000000e+00,1.415926, 1.358407e+01,1.415926, 0.000000e+00,1.415926, 1.415925e+00,1.415926, 6.953356e-310,1.415926, 1.000000e+00,
1.439630, 1.500000e+01,1.439630, 0.000000e+00,1.439630, 1.356037e+01,1.439630, 0.000000e+00,1.439630, 1.439629e+00,1.439630, 6.953356e-310,1.439630, 1.000000e+00,
1.463333, 1.500000e+01,1.463333, 0.000000e+00,1.463333, 1.353667e+01,1.463333, 0.000000e+00,1.463333, 1.463332e+00,1.463333, 6.953356e-310,1.463333, 1.000000e+00,
1.487037, 1.500000e+01,1.487037, 0.000000e+00,1.487037, 1.351296e+01,1.487037, 0.000000e+00,1.487037, 1.487036e+00,1.487037, 6.953356e-310,1.487037, 1.000000e+00,
1.510741, 1.500000e+01,1.510741, 0.000000e+00,1.510741, 1.348926e+01,1.510741, 0.000000e+00,1.510741, 1.510740e+00,1.510741, 6.953356e-310,1.510741, 1.000000e+00,
1.534444, 1.500000e+01,1.534444, 0.000000e+00,1.534444, 1.346556e+01,1.534444, 0.000000e+00,1.534444, 1.534443e+00,1.534444, 6.953356e-310,1.534444, 1.000000e+00,
1.558148, 1.500000e+01,1.558148, 0.000000e+00,1.558148, 1.344185e+01,1.558148, 0.000000e+00,1.558148, 1.558147e+00,1.558148, 6.953356e-310,1.558148, 1.000000e+00,
1.581852, 1.500000e+01,1.581852, 0.000000e+00,1.581852, 1.341815e+01,1.581852, 0.000000e+00,1.581852, 1.581851e+00,1.581852, 6.953356e-310,1.581852, 1.000000e+00,
1.605556, 1.500000e+01,1.605556, 0.000000e+00,1.605556, 1.339445e+01,1.605556, 0.000000e+00,1.605556, 1.605555e+00,1.605556, 6.953356e-310,1.605556, 1.000000e+00,
1.629259, 1.500000e+01,1.629259, 0.000000e+00,1.629259, 1.337074e+01,1.629259, 0.000000e+00,1.629259, 1.629258e+00,1.629259, 6.953356e-310,1.629259, 1.000000e+00,
1.652963, 1.500000e+01,1.652963, 0.000000e+00,1.652963, 1.334704e+01,1.652963, 0.000000e+00,1.652963, 1.652962e+00,1.652963, 6.953356e-310,1.652963, 1.000000e+00,
1.676667, 1.500000e+01,1.676667, 0.000000e+00,1.676667, 1.332333e+01,1.676667, 0.000000e+00,1.676667, 1.676666e+00,1.676667, 6.953356e-310,1.676667, 1.000000e+00,
1.700370, 1.500000e+01,1.700370, 0.000000e+00,1.700370, 1.329963e+01,1.700370, 0.000000e+00,1.700370, 1.700369e+00,1.700370, 6.953356e-310,1.700370, 1.000000e+00,
1.724074, 1.500000e+01,1.724074, 0.000000e+00,1.724074, 1.327593e+01,1.724074, 0.000000e+00,1.724074, 1.724073e+00,1.724074, 6.953356e-310,1.724074, 1.000000e+00,
1.747778, 1.500000e+01,1.747778, 0.000000e+00,1.747778, 1.325222e+01,1.747778, 0.000000e+00,1.747778, 1.747777e+00,1.747778, 6.953356e-310,1.747778, 1.000000e+00,
1.771481, 1.500000e+01,1.771481, 0.000000e+00,1.771481, 1.322852e+01,1.771481, 0.000000e+00,1.771481, 1.771480e+00,1.771481, 6.953356e-310,1.771481, 1.000000e+00,
1.795185, 1.500000e+01,1.795185, 0.000000e+00,1.795185, 1.320482e+01,1.795185, 0.000000e+00,1.795185, 1.795184e+00,1.795185, 6.953356e-310,1.795185, 1.000000e+00,
1.818889, 1.500000e+01,1.818889, 0.000000e+00,1.818889, 1.318111e+01,1.818889, 0.000000e+00,1.818889, 1.818888e+00,1.818889, 6.953356e-310,1.818889, 1.000000e+00,
1.842593, 1.500000e+01,1.842593, 0.000000e+00,1.842593, 1.315741e+01,1.842593, 0.000000e+00,1.842593, 1.842591e+00,1.842593, 6.953356e-310,1.842593, 1.000000e+00,
1.866296, 1.500000e+01,1.866296, 0.000000e+00,1.866296, 1.313370e+01,1.866296, 0.000000e+00,1.866296, 1.866295e+00,1.866296, 6.953356e-310,1.866296, 1.000000e+00,
1.890000, 1.500000e+01,1.890000, 0.000000e+00,1.890000, 1.311000e+01,1.890000, 0.000000e+00,1.890000, 1.889999e+00,1.890000, 6.953356e-310,1.890000, 1.000000e+00,
1.913704, 1.500000e+01,1.913704, 0.000000e+00,1.913704, 1.308630e+01,1.913704, 0.000000e+00,1.913704, 1.913702e+00,1.913704, 6.953356e-310,1.913704, 1.000000e+00,
1.937407, 1.500000e+01,1.937407, 0.000000e+00,1.937407, 1.306259e+01,1.937407, 0.000000e+00,1.937407, 1.937406e+00,1.937407, 6.953356e-310,1.937407, 1.000000e+00,
1.961111, 1.500000e+01,1.961111, 0.000000e+00,1.961111, 1.303889e+01,1.961111, 0.000000e+00,1.961111, 1.961110e+00,1.961111, 6.953356e-310,1.961111, 1.000000e+00,
1.984815, 1.500000e+01,1.984815, 0.000000e+00,1.984815, 1.301519e+01,1.984815, 0.000000e+00,1.984815, 1.984814e+00,1.984815, 6.953356e-310,1.984815, 1.000000e+00,
2.008519, 1.500000e+01,2.008519, 0.000000e+00,2.008519, 1.299148e+01,2.008519, 0.000000e+00,2.008519, 2.008517e+00,2.008519, 6.953356e-310,2.008519, 1.000000e+00,
2.032222, 1.500000e+01,2.032222, 0.000000e+00,2.032222, 1.296778e+01,2.032222, 0.000000e+00,2.032222, 2.032221e+00,2.032222, 6.953356e-310,2.032222, 1.000000e+00,
2.055926, 1.500000e+01,2.055926, 0.000000e+00,2.055926, 1.294408e+01,2.055926, 0.000000e+00,2.055926, 2.055925e+00,2.055926, 6.953356e-310,2.055926, 1.000000e+00,
2.079630, 1.500000e+01,2.079630, 0.000000e+00,2.079630, 1.292037e+01,2.079630, 0.000000e+00,2.079630, 2.079628e+00,2.079630, 6.953356e-310,2.079630, 1.000000e+00,
2.103333, 1.500000e+01,2.103333, 0.000000e+00,2.103333, 1.289667e+01,2.103333, 0.000000e+00,2.103333, 2.103332e+00,2.103333, 6.953356e-310,2.103333, 1.000000e+00,
2.127037, 1.500000e+01,2.127037, 0.000000e+00,2.127037, 1.287296e+01,2.127037, 0.000000e+00,2.127037, 2.127036e+00,2.127037, 6.953356e-310,2.127037, 1.000000e+00,
2.150741, 1.500000e+01,2.150741, 0.000000e+00,2.150741, 1.284926e+01,2.150741, 0.000000e+00,2.150741, 2.150739e+00,2.150741, 6.953356e-310,2.150741, 1.000000e+00,
2.174444, 1.500000e+01,2.174444, 0.000000e+00,2.174444, 1.282556e+01,2.174444, 0.000000e+00,2.174444, 2.174443e+00,2.174444, 6.953356e-310,2.174444, 1.000000e+00,
2.198148, 1.500000e+01,2.198148, 0.000000e+00,2.198148, 1.280185e+01,2.198148, 0.000000e+00,2.198148, 2.198147e+00,2.198148, 6.953356e-310,2.198148, 1.000000e+00,
2.221852, 1.500000e+01,2.221852, 0.000000e+00,2.221852, 1.277815e+01,2.221852, 0.000000e+00,2.221852, 2.221850e+00,2.221852, 6.953356e-310,2.221852, 1.000000e+00,
2.245556, 1.500000e+01,2.245556, 0.000000e+00,2.245556, 1.275445e+01,2.245556, 0.000000e+00,2.245556, 2.245554e+00,2.245556, 6.953356e-310,2.245556, 1.000000e+00,
2.269259, 1.500000e+01,2.269259, 0.000000e+00,2.269259, 1.273074e+01,2.269259, 0.000000e+00,2.269259, 2.269258e+00,2.269259, 6.953356e-310,2.269259, 1.000000e+00,
2.292963, 1.500000e+01,2.292963, 0.000000e+00,2.292963, 1.270704e+01,2.292963, 0.000000e+00,2.292963, 2.292961e+00,2.292963, 6.953356e-310,2.292963, 1.000000e+00,
2.316667, 1.500000e+01,2.316667, 0.000000e+00,2.316667, 1.268333e+01,2.316667, 0.000000e+00,2.316667, 2.316665e+00,2.316667, 6.953356e-310,2.316667, 1.000000e+00,
2.340370, 1.500000e+01,2.340370, 0.000000e+00,2.340370, 1.265963e+01,2.340370, 0.000000e+00,2.340370, 2.340369e+00,2.340370, 6.953356e-310,2.340370, 1.000000e+00,
2.364074, 1.500000e+01,2.364074, 0.000000e+00,2.364074, 1.263593e+01,2.364074, 0.000000e+00,2.364074, 2.364073e+00,2.364074, 6.953356e-310,2.364074, 1.000000e+00,
2.387778, 1.500000e+01,2.387778, 0.000000e+00,2.387778, 1.261222e+01,2.387778, 0.000000e+00,2.387778, 2.387776e+00,2.387778, 6.953356e-310,2.387778, 1.000000e+00,
2.411481, 1.500000e+01,2.411481, 0.000000e+00,2.411481, 1.258852e+01,2.411481, 0.000000e+00,2.411481, 2.411480e+00,2.411481, 6.953356e-310,2.411481, 1.000000e+00,
2.435185, 1.500000e+01,2.435185, 0.000000e+00,2.435185, 1.256482e+01,2.435185, 0.000000e+00,2.435185, 2.435184e+00,2.435185, 6.953356e-310,2.435185, 1.000000e+00,
2.458889, 1.500000e+01,2.458889, 0.000000e+00,2.458889, 1.254111e+01,2.458889, 0.000000e+00,2.458889, 2.458887e+00,2.458889, 6.953356e-310,2.458889, 1.000000e+00,
2.482593, 1.500000e+01,2.482593, 0.000000e+00,2.482593, 1.251741e+01,2.482593, 0.000000e+00,2.482593, 2.482591e+00,2.482593, 6.953356e-310,2.482593, 1.000000e+00,
2.506296, 1.500000e+01,2.506296, 0.000000e+00,2.506296, 1.249371e+01,2.506296, 0.000000e+00,2.506296, 2.506295e+00,2.506296, 6.953356e-310,2.506296, 1.000000e+00,
2.530000, 1.500000e+01,2.530000, 0.000000e+00,2.530000, 1.247000e+01,2.530000, 0.000000e+00,2.530000, 2.529998e+00,2.530000, 6.953356e-310,2.530000, 1.000000e+00,
2.553704, 1.500000e+01,2.553704, 0.000000e+00,2.553704, 1.244630e+01,2.553704, 0.000000e+00,2.553704, 2.553702e+00,2.553704, 6.953356e-310,2.553704, 1.000000e+00,
2.577407, 1.500000e+01,2.577407, 0.000000e+00,2.577407, 1.242259e+01,2.577407, 0.000000e+00,2.577407, 2.577406e+00,2.577407, 6.953356e-310,2.577407, 1.000000e+00,
2.601111, 1.500000e+01,2.601111, 0.000000e+00,2.601111, 1.239889e+01,2.601111, 0.000000e+00,2.601111, 2.601109e+00,2.601111, 6.953356e-310,2.601111, 1.000000e+00,
2.624815, 1.500000e+01,2.624815, 0.000000e+00,2.624815, 1.237519e+01,2.624815, 0.000000e+00,2.624815, 2.624813e+00,2.624815, 6.953356e-310,2.624815, 1.000000e+00,
2.648519, 1.500000e+01,2.648519, 0.000000e+00,2.648519, 1.235148e+01,2.648519, 0.000000e+00,2.648519, 2.648517e+00,2.648519, 6.953356e-310,2.648519, 1.000000e+00,
2.672222, 1.500000e+01,2.672222, 0.000000e+00,2.672222, 1.232778e+01,2.672222, 0.000000e+00,2.672222, 2.672220e+00,2.672222, 6.953356e-310,2.672222, 1.000000e+00,
2.695926, 1.500000e+01,2.695926, 0.000000e+00,2.695926, 1.230408e+01,2.695926, 0.000000e+00,2.695926, 2.695924e+00,2.695926, 6.953356e-310,2.695926, 1.000000e+00,
2.719630, 1.500000e+01,2.719630, 0.000000e+00,2.719630, 1.228037e+01,2.719630, 0.000000e+00,2.719630, 2.719628e+00,2.719630, 6.953356e-310,2.719630, 1.000000e+00,
2.743333, 1.500000e+01,2.743333, 0.000000e+00,2.743333, 1.225667e+01,2.743333, 0.000000e+00,2.743333, 2.743332e+00,2.743333, 6.953356e-310,2.743333, 1.000000e+00,
2.767037, 1.500000e+01,2.767037, 0.000000e+00,2.767037, 1.223296e+01,2.767037, 0.000000e+00,2.767037, 2.767035e+00,2.767037, 6.953356e-310,2.767037, 1.000000e+00,
2.790741, 1.500000e+01,2.790741, 0.000000e+00,2.790741, 1.220926e+01,2.790741, 0.000000e+00,2.790741, 2.790739e+00,2.790741, 6.953356e-310,2.790741, 1.000000e+00,
2.814444, 1.500000e+01,2.814444, 0.000000e+00,2.814444, 1.218556e+01,2.814444, 0.000000e+00,2.814444, 2.814443e+00,2.814444, 6.953356e-310,2.814444, 1.000000e+00,
2.838148, 1.500000e+01,2.838148, 0.000000e+00,2.838148, 1.216185e+01,2.838148, 0.000000e+00,2.838148, 2.838146e+00,2.838148, 6.953356e-310,2.838148, 1.000000e+00,
2.861852, 1.500000e+01,2.861852, 0.000000e+00,2.861852, 1.213815e+01,2.861852, 0.000000e+00,2.861852, 2.861850e+00,2.861852, 6.953356e-310,2.861852, 1.000000e+00,
2.885556, 1.500000e+01,2.885556, 0.000000e+00,2.885556, 1.211445e+01,2.885556, 0.000000e+00,2.885556, 2.885554e+00,2.885556, 6.953356e-310,2.885556, 1.000000e+00,
2.909259, 1.500000e+01,2.909259, 0.000000e+00,2.909259, 1.209074e+01,2.909259, 0.000000e+00,2.909259, 2.909257e+00,2.909259, 6.953356e-310,2.909259, 1.000000e+00,
2.932963, 1.500000e+01,2.932963, 0.000000e+00,2.932963, 1.206704e+01,2.932963, 0.000000e+00,2.932963, 2.932961e+00,2.932963, 6.953356e-310,2.932963, 1.000000e+00,
2.956667, 1.500000e+01,2.956667, 0.000000e+00,2.956667, 1.204334e+01,2.956667, 0.000000e+00,2.956667, 2.956665e+00,2.956667, 6.953356e-310,2.956667, 1.000000e+00,
2.980370, 1.500000e+01,2.980370, 0.000000e+00,2.980370, 1.201963e+01,2.980370, 0.000000e+00,2.980370, 2.980368e+00,2.980370, 6.953356e-310,2.980370, 1.000000e+00,
3.004074, 1.500000e+01,3.004074, 0.000000e+00,3.004074, 1.199593e+01,3.004074, 0.000000e+00,3.004074, 3.004072e+00,3.004074, 6.953356e-310,3.004074, 1.000000e+00,
3.027778, 1.500000e+01,3.027778, 0.000000e+00,3.027778, 1.197222e+01,3.027778, 0.000000e+00,3.027778, 3.027776e+00,3.027778, 6.953356e-310,3.027778, 1.000000e+00,
3.051481, 1.500000e+01,3.051481, 0.000000e+00,3.051481, 1.194852e+01,3.051481, 0.000000e+00,3.051481, 3.051479e+00,3.051481, 6.953356e-310,3.051481, 1.000000e+00,
3.075185, 1.500000e+01,3.075185, 0.000000e+00,3.075185, 1.192482e+01,3.075185, 0.000000e+00,3.075185, 3.075183e+00,3.075185, 6.953356e-310,3.075185, 1.000000e+00,
3.098889, 1.500000e+01,3.098889, 0.000000e+00,3.098889, 1.190111e+01,3.098889, 0.000000e+00,3.098889, 3.098887e+00,3.098889, 6.953356e-310,3.098889, 1.000000e+00,
3.122593, 1.500000e+01,3.122593, 0.000000e+00,3.122593, 1.187741e+01,3.122593, 0.000000e+00,3.122593, 3.122591e+00,3.122593, 6.953356e-310,3.122593, 1.000000e+00,
3.146296, 1.500000e+01,3.146296, 0.000000e+00,3.146296, 1.185371e+01,3.146296, 0.000000e+00,3.146296, 3.146294e+00,3.146296, 6.953356e-310,3.146296, 1.000000e+00,
3.170000, 1.500000e+01,3.170000, 0.000000e+00,3.170000, 1.183000e+01,3.170000, 0.000000e+00,3.170000, 3.169998e+00,3.170000, 6.953356e-310,3.170000, 1.000000e+00,
3.193704, 1.500000e+01,3.193704, 0.000000e+00,3.193704, 1.180630e+01,3.193704, 0.000000e+00,3.193704, 3.193702e+00,3.193704, 6.953356e-310,3.193704, 1.000000e+00,
3.217407, 1.500000e+01,3.217407, 0.000000e+00,3.217407, 1.178259e+01,3.217407, 0.000000e+00,3.217407, 3.217405e+00,3.217407, 6.953356e-310,3.217407, 1.000000e+00,
3.241111, 1.500000e+01,3.241111, 0.000000e+00,3.241111, 1.175889e+01,3.241111, 0.000000e+00,3.241111, 3.241109e+00,3.241111, 6.953356e-310,3.241111, 1.000000e+00,
3.264815, 1.500000e+01,3.264815, 0.000000e+00,3.264815, 1.173519e+01,3.264815, 0.000000e+00,3.264815, 3.264813e+00,3.264815, 6.953356e-310,3.264815, 1.000000e+00,
3.288519, 1.500000e+01,3.288519, 0.000000e+00,3.288519, 1.171148e+01,3.288519, 0.000000e+00,3.288519, 3.288516e+00,3.288519, 6.953356e-310,3.288519, 1.000000e+00,
3.312222, 1.500000e+01,3.312222, 0.000000e+00,3.312222, 1.168778e+01,3.312222, 0.000000e+00,3.312222, 3.312220e+00,3.312222, 6.953356e-310,3.312222, 1.000000e+00,
3.335926, 1.500000e+01,3.335926, 0.000000e+00,3.335926, 1.166408e+01,3.335926, 0.000000e+00,3.335926, 3.335924e+00,3.335926, 6.953356e-310,3.335926, 1.000000e+00,
3.359630, 1.500000e+01,3.359630, 0.000000e+00,3.359630, 1.164037e+01,3.359630, 0.000000e+00,3.359630, 3.359627e+00,3.359630, 6.953356e-310,3.359630, 1.000000e+00,
3.383333, 1.500000e+01,3.383333, 0.000000e+00,3.383333, 1.161667e+01,3.383333, 0.000000e+00,3.383333, 3.383331e+00,3.383333, 6.953356e-310,3.383333, 1.000000e+00,
3.407037, 1.500000e+01,3.407037, 0.000000e+00,3.407037, 1.159297e+01,3.407037, 0.000000e+00,3.407037, 3.407035e+00,3.407037, 6.953356e-310,3.407037, 1.000000e+00,
3.430741, 1.500000e+01,3.430741, 0.000000e+00,3.430741, 1.156926e+01,3.430741, 0.000000e+00,3.430741, 3.430739e+00,3.430741, 6.953356e-310,3.430741, 1.000000e+00,
3.454444, 1.500000e+01,3.454444, 0.000000e+00,3.454444, 1.154556e+01,3.454444, 0.000000e+00,3.454444, 3.454442e+00,3.454444, 6.953356e-310,3.454444, 1.000000e+00,
3.478148, 1.500000e+01,3.478148, 0.000000e+00,3.478148, 1.152185e+01,3.478148, 0.000000e+00,3.478148, 3.478146e+00,3.478148, 6.953356e-310,3.478148, 1.000000e+00,
3.501852, 1.500000e+01,3.501852, 0.000000e+00,3.501852, 1.149815e+01,3.501852, 0.000000e+00,3.501852, 3.501850e+00,3.501852, 6.953356e-310,3.501852, 1.000000e+00,
3.525556, 1.500000e+01,3.525556, 0.000000e+00,3.525556, 1.147445e+01,3.525556, 0.000000e+00,3.525556, 3.525553e+00,3.525556, 6.953356e-310,3.525556, 1.000000e+00,
3.549259, 1.500000e+01,3.549259, 0.000000e+00,3.549259, 1.145074e+01,3.549259, 0.000000e+00,3.549259, 3.549257e+00,3.549259, 6.953356e-310,3.549259, 1.000000e+00,
3.572963, 1.500000e+01,3.572963, 0.000000e+00,3.572963, 1.142704e+01,3.572963, 0.000000e+00,3.572963, 3.572961e+00,3.572963, 6.953356e-310,3.572963, 1.000000e+00,
3.596667, 1.500000e+01,3.596667, 0.000000e+00,3.596667, 1.140334e+01,3.596667, 0.000000e+00,3.596667, 3.596664e+00,3.596667, 6.953356e-310,3.596667, 1.000000e+00,
3.620370, 1.500000e+01,3.620370, 0.000000e+00,3.620370, 1.137963e+01,3.620370, 0.000000e+00,3.620370, 3.620368e+00,3.620370, 6.953356e-310,3.620370, 1.000000e+00,
3.644074, 1.500000e+01,3.644074, 0.000000e+00,3.644074, 1.135593e+01,3.644074, 0.000000e+00,3.644074, 3.644072e+00,3.644074, 6.953356e-310,3.644074, 1.000000e+00,
3.667778, 1.500000e+01,3.667778, 0.000000e+00,3.667778, 1.133222e+01,3.667778, 0.000000e+00,3.667778, 3.667775e+00,3.667778, 6.953356e-310,3.667778, 1.000000e+00,
3.691481, 1.500000e+01,3.691481, 0.000000e+00,3.691481, 1.130852e+01,3.691481, 0.000000e+00,3.691481, 3.691479e+00,3.691481, 6.953356e-310,3.691481, 1.000000e+00,
3.715185, 1.500000e+01,3.715185, 0.000000e+00,3.715185, 1.128482e+01,3.715185, 0.000000e+00,3.715185, 3.715183e+00,3.715185, 6.953356e-310,3.715185, 1.000000e+00,
3.738889, 1.500000e+01,3.738889, 0.000000e+00,3.738889, 1.126111e+01,3.738889, 0.000000e+00,3.738889, 3.738886e+00,3.738889, 6.953356e-310,3.738889, 1.000000e+00,
3.762593, 1.500000e+01,3.762593, 0.000000e+00,3.762593, 1.123741e+01,3.762593, 0.000000e+00,3.762593, 3.762590e+00,3.762593, 6.953356e-310,3.762593, 1.000000e+00,
3.786296, 1.500000e+01,3.786296, 0.000000e+00,3.786296, 1.121371e+01,3.786296, 0.000000e+00,3.786296, 3.786294e+00,3.786296, 6.953356e-310,3.786296, 1.000000e+00,
3.810000, 1.500000e+01,3.810000, 0.000000e+00,3.810000, 1.119000e+01,3.810000, 0.000000e+00,3.810000, 3.809998e+00,3.810000, 6.953356e-310,3.810000, 1.000000e+00,
3.833704, 1.500000e+01,3.833704, 0.000000e+00,3.833704, 1.116630e+01,3.833704, 0.000000e+00,3.833704, 3.833701e+00,3.833704, 6.953356e-310,3.833704, 1.000000e+00,
3.857407, 1.500000e+01,3.857407, 0.000000e+00,3.857407, 1.114260e+01,3.857407, 0.000000e+00,3.857407, 3.857405e+00,3.857407, 6.953356e-310,3.857407, 1.000000e+00,
3.881111, 1.500000e+01,3.881111, 0.000000e+00,3.881111, 1.111889e+01,3.881111, 0.000000e+00,3.881111, 3.881109e+00,3.881111, 6.953356e-310,3.881111, 1.000000e+00,
3.904815, 1.500000e+01,3.904815, 0.000000e+00,3.904815, 1.109519e+01,3.904815, 0.000000e+00,3.904815, 3.904812e+00,3.904815, 6.953356e-310,3.904815, 1.000000e+00,
3.928519, 1.500000e+01,3.928519, 0.000000e+00,3.928519, 1.107148e+01,3.928519, 0.000000e+00,3.928519, 3.928516e+00,3.928519, 6.953356e-310,3.928519, 1.000000e+00,
3.952222, 1.500000e+01,3.952222, 0.000000e+00,3.952222, 1.104778e+01,3.952222, 0.000000e+00,3.952222, 3.952220e+00,3.952222, 6.953356e-310,3.952222, 1.000000e+00,
3.975926, 1.500000e+01,3.975926, 0.000000e+00,3.975926, 1.102408e+01,3.975926, 0.000000e+00,3.975926, 3.975923e+00,3.975926, 6.953356e-310,3.975926, 1.000000e+00,
3.999630, 1.500000e+01,3.999630, 0.000000e+00,3.999630, 1.100037e+01,3.999630, 0.000000e+00,3.999630, 3.999627e+00,3.999630, 6.953356e-310,3.999630, 1.000000e+00,
4.023333, 1.500000e+01,4.023333, 0.000000e+00,4.023333, 1.097667e+01,4.023333, 0.000000e+00,4.023333, 4.023331e+00,4.023333, 6.953356e-310,4.023333, 1.000000e+00,
4.047037, 1.500000e+01,4.047037, 0.000000e+00,4.047037, 1.095297e+01,4.047037, 0.000000e+00,4.047037, 4.047034e+00,4.047037, 6.953356e-310,4.047037, 1.000000e+00,
4.070741, 1.500000e+01,4.070741, 0.000000e+00,4.070741, 1.092926e+01,4.070741, 0.000000e+00,4.070741, 4.070738e+00,4.070741, 6.953356e-310,4.070741, 1.000000e+00,
4.094444, 1.500000e+01,4.094444, 0.000000e+00,4.094444, 1.090556e+01,4.094444, 0.000000e+00,4.094444, 4.094442e+00,4.094444, 6.953356e-310,4.094444, 1.000000e+00,
4.118148, 1.500000e+01,4.118148, 0.000000e+00,4.118148, 1.088185e+01,4.118148, 0.000000e+00,4.118148, 4.118145e+00,4.118148, 6.953356e-310,4.118148, 1.000000e+00,
4.141852, 1.500000e+01,4.141852, 0.000000e+00,4.141852, 1.085815e+01,4.141852, 0.000000e+00,4.141852, 4.141849e+00,4.141852, 6.953356e-310,4.141852, 1.000000e+00,
4.165556, 1.500000e+01,4.165556, 0.000000e+00,4.165556, 1.083445e+01,4.165556, 0.000000e+00,4.165556, 4.165553e+00,4.165556, 6.953356e-310,4.165556, 1.000000e+00,
4.189259, 1.500000e+01,4.189259, 0.000000e+00,4.189259, 1.081074e+01,4.189259, 0.000000e+00,4.189259, 4.189257e+00,4.189259, 6.953356e-310,4.189259, 1.000000e+00,
4.212963, 1.500000e+01,4.212963, 0.000000e+00,4.212963, 1.078704e+01,4.212963, 0.000000e+00,4.212963, 4.212960e+00,4.212963, 6.953356e-310,4.212963, 1.000000e+00,
4.236667, 1.500000e+01,4.236667, 0.000000e+00,4.236667, 1.076334e+01,4.236667, 0.000000e+00,4.236667, 4.236664e+00,4.236667, 6.953356e-310,4.236667, 1.000000e+00,
4.260370, 1.500000e+01,4.260370, 0.000000e+00,4.260370, 1.073963e+01,4.260370, 0.000000e+00,4.260370, 4.260368e+00,4.260370, 6.953356e-310,4.260370, 1.000000e+00,
4.284074, 1.500000e+01,4.284074, 0.000000e+00,4.284074, 1.071593e+01,4.284074, 0.000000e+00,4.284074, 4.284071e+00,4.284074, 6.953356e-310,4.284074, 1.000000e+00,
4.307778, 1.500000e+01,4.307778, 0.000000e+00,4.307778, 1.069223e+01,4.307778, 0.000000e+00,4.307778, 4.307775e+00,4.307778, 6.953356e-310,4.307778, 1.000000e+00,
4.331481, 1.500000e+01,4.331481, 0.000000e+00,4.331481, 1.066852e+01,4.331481, 0.000000e+00,4.331481, 4.331479e+00,4.331481, 6.953356e-310,4.331481, 1.000000e+00,
4.355185, 1.500000e+01,4.355185, 0.000000e+00,4.355185, 1.064482e+01,4.355185, 0.000000e+00,4.355185, 4.355182e+00,4.355185, 6.953356e-310,4.355185, 1.000000e+00,
4.378889, 1.500000e+01,4.378889, 0.000000e+00,4.378889, 1.062111e+01,4.378889, 0.000000e+00,4.378889, 4.378886e+00,4.378889, 6.953356e-310,4.378889, 1.000000e+00,
4.402593, 1.500000e+01,4.402593, 0.000000e+00,4.402593, 1.059741e+01,4.402593, 0.000000e+00,4.402593, 4.402590e+00,4.402593, 6.953356e-310,4.402593, 1.000000e+00,
4.426296, 1.500000e+01,4.426296, 0.000000e+00,4.426296, 1.057371e+01,4.426296, 0.000000e+00,4.426296, 4.426293e+00,4.426296, 6.953356e-310,4.426296, 1.000000e+00,
4.450000, 1.500000e+01,4.450000, 0.000000e+00,4.450000, 1.055000e+01,4.450000, 0.000000e+00,4.450000, 4.449997e+00,4.450000, 6.953356e-310,4.450000, 1.000000e+00,
4.473704, 1.500000e+01,4.473704, 0.000000e+00,4.473704, 1.052630e+01,4.473704, 0.000000e+00,4.473704, 4.473701e+00,4.473704, 6.953356e-310,4.473704, 1.000000e+00,
4.497407, 1.500000e+01,4.497407, 0.000000e+00,4.497407, 1.050260e+01,4.497407, 0.000000e+00,4.497407, 4.497404e+00,4.497407, 6.953356e-310,4.497407, 1.000000e+00,
4.521111, 1.500000e+01,4.521111, 0.000000e+00,4.521111, 1.047889e+01,4.521111, 0.000000e+00,4.521111, 4.521108e+00,4.521111, 6.953356e-310,4.521111, 1.000000e+00,
4.544815, 1.500000e+01,4.544815, 0.000000e+00,4.544815, 1.045519e+01,4.544815, 0.000000e+00,4.544815, 4.544812e+00,4.544815, 6.953356e-310,4.544815, 1.000000e+00,
4.568519, 1.500000e+01,4.568519, 0.000000e+00,4.568519, 1.043148e+01,4.568519, 0.000000e+00,4.568519, 4.568516e+00,4.568519, 6.953356e-310,4.568519, 1.000000e+00,
4.592222, 1.500000e+01,4.592222, 0.000000e+00,4.592222, 1.040778e+01,4.592222, 0.000000e+00,4.592222, 4.592219e+00,4.592222, 6.953356e-310,4.592222, 1.000000e+00,
4.615926, 1.500000e+01,4.615926, 0.000000e+00,4.615926, 1.038408e+01,4.615926, 0.000000e+00,4.615926, 4.615923e+00,4.615926, 6.953356e-310,4.615926, 1.000000e+00,
4.639630, 1.500000e+01,4.639630, 0.000000e+00,4.639630, 1.036037e+01,4.639630, 0.000000e+00,4.639630, 4.639627e+00,4.639630, 6.953356e-310,4.639630, 1.000000e+00,
4.663333, 1.500000e+01,4.663333, 0.000000e+00,4.663333, 1.033667e+01,4.663333, 0.000000e+00,4.663333, 4.663330e+00,4.663333, 6.953356e-310,4.663333, 1.000000e+00,
4.687037, 1.500000e+01,4.687037, 0.000000e+00,4.687037, 1.031297e+01,4.687037, 0.000000e+00,4.687037, 4.687034e+00,4.687037, 6.953356e-310,4.687037, 1.000000e+00,
4.710741, 1.500000e+01,4.710741, 0.000000e+00,4.710741, 1.028926e+01,4.710741, 0.000000e+00,4.710741, 4.710738e+00,4.710741, 6.953356e-310,4.710741, 1.000000e+00,
4.734444, 1.500000e+01,4.734444, 0.000000e+00,4.734444, 1.026556e+01,4.734444, 0.000000e+00,4.734444, 4.734441e+00,4.734444, 6.953356e-310,4.734444, 1.000000e+00,
4.758148, 1.500000e+01,4.758148, 0.000000e+00,4.758148, 1.024185e+01,4.758148, 0.000000e+00,4.758148, 4.758145e+00,4.758148, 6.953356e-310,4.758148, 1.000000e+00,
4.781852, 1.500000e+01,4.781852, 0.000000e+00,4.781852, 1.021815e+01,4.781852, 0.000000e+00,4.781852, 4.781849e+00,4.781852, 6.953356e-310,4.781852, 1.000000e+00,
4.805556, 1.500000e+01,4.805556, 0.000000e+00,4.805556, 1.019445e+01,4.805556, 0.000000e+00,4.805556, 4.805552e+00,4.805556, 6.953356e-310,4.805556, 1.000000e+00,
4.829259, 1.500000e+01,4.829259, 0.000000e+00,4.829259, 1.017074e+01,4.829259, 0.000000e+00,4.829259, 4.829256e+00,4.829259, 6.953356e-310,4.829259, 1.000000e+00,
4.852963, 1.500000e+01,4.852963, 0.000000e+00,4.852963, 1.014704e+01,4.852963, 0.000000e+00,4.852963, 4.852960e+00,4.852963, 6.953356e-310,4.852963, 1.000000e+00,
4.876667, 1.500000e+01,4.876667, 0.000000e+00,4.876667, 1.012334e+01,4.876667, 0.000000e+00,4.876667, 4.876663e+00,4.876667, 6.953356e-310,4.876667, 1.000000e+00,
4.900370, 1.500000e+01,4.900370, 0.000000e+00,4.900370, 1.009963e+01,4.900370, 0.000000e+00,4.900370, 4.900367e+00,4.900370, 6.953356e-310,4.900370, 1.000000e+00,
4.924074, 1.500000e+01,4.924074, 0.000000e+00,4.924074, 1.007593e+01,4.924074, 0.000000e+00,4.924074, 4.924071e+00,4.924074, 6.953356e-310,4.924074, 1.000000e+00,
4.947778, 1.500000e+01,4.947778, 0.000000e+00,4.947778, 1.005223e+01,4.947778, 0.000000e+00,4.947778, 4.947775e+00,4.947778, 6.953356e-310,4.947778, 1.000000e+00,
4.971481, 1.500000e+01,4.971481, 0.000000e+00,4.971481, 1.002852e+01,4.971481, 0.000000e+00,4.971481, 4.971478e+00,4.971481, 6.953356e-310,4.971481, 1.000000e+00,
4.995185, 1.500000e+01,4.995185, 0.000000e+00,4.995185, 1.000482e+01,4.995185, 0.000000e+00,4.995185, 4.995182e+00,4.995185, 6.953356e-310,4.995185, 1.000000e+00,
5.018889, 1.500000e+01,5.018889, 0.000000e+00,5.018889, 9.981114e+00,5.018889, 0.000000e+00,5.018889, 5.018886e+00,5.018889, 6.953356e-310,5.018889, 1.000000e+00,
5.042593, 1.500000e+01,5.042593, 0.000000e+00,5.042593, 9.957411e+00,5.042593, 0.000000e+00,5.042593, 5.042589e+00,5.042593, 6.953356e-310,5.042593, 1.000000e+00,
5.066296, 1.500000e+01,5.066296, 0.000000e+00,5.066296, 9.933707e+00,5.066296, 0.000000e+00,5.066296, 5.066293e+00,5.066296, 6.953356e-310,5.066296, 1.000000e+00,
5.090000, 1.500000e+01,5.090000, 0.000000e+00,5.090000, 9.910003e+00,5.090000, 0.000000e+00,5.090000, 5.089997e+00,5.090000, 6.953356e-310,5.090000, 1.000000e+00,
5.113704, 1.500000e+01,5.113704, 0.000000e+00,5.113704, 9.886300e+00,5.113704, 0.000000e+00,5.113704, 5.113700e+00,5.113704, 6.953356e-310,5.113704, 1.000000e+00,
5.137407, 1.500000e+01,5.137407, 0.000000e+00,5.137407, 9.862596e+00,5.137407, 0.000000e+00,5.137407, 5.137404e+00,5.137407, 6.953356e-310,5.137407, 1.000000e+00,
5.161111, 1.500000e+01,5.161111, 0.000000e+00,5.161111, 9.838892e+00,5.161111, 0.000000e+00,5.161111, 5.161108e+00,5.161111, 6.953356e-310,5.161111, 1.000000e+00,
5.184815, 1.500000e+01,5.184815, 0.000000e+00,5.184815, 9.815189e+00,5.184815, 0.000000e+00,5.184815, 5.184811e+00,5.184815, 6.953356e-310,5.184815, 1.000000e+00,
5.208519, 1.500000e+01,5.208519, 0.000000e+00,5.208519, 9.791485e+00,5.208519, 0.000000e+00,5.208519, 5.208515e+00,5.208519, 6.953356e-310,5.208519, 1.000000e+00,
5.232222, 1.500000e+01,5.232222, 0.000000e+00,5.232222, 9.767781e+00,5.232222, 0.000000e+00,5.232222, 5.232219e+00,5.232222, 6.953356e-310,5.232222, 1.000000e+00,
5.255926, 1.500000e+01,5.255926, 0.000000e+00,5.255926, 9.744077e+00,5.255926, 0.000000e+00,5.255926, 5.255923e+00,5.255926, 6.953356e-310,5.255926, 1.000000e+00,
5.279630, 1.500000e+01,5.279630, 0.000000e+00,5.279630, 9.720374e+00,5.279630, 0.000000e+00,5.279630, 5.279626e+00,5.279630, 6.953356e-310,5.279630, 1.000000e+00,
5.303333, 1.500000e+01,5.303333, 0.000000e+00,5.303333, 9.696670e+00,5.303333, 0.000000e+00,5.303333, 5.303330e+00,5.303333, 6.953356e-310,5.303333, 1.000000e+00,
5.327037, 1.500000e+01,5.327037, 0.000000e+00,5.327037, 9.672966e+00,5.327037, 0.000000e+00,5.327037, 5.327034e+00,5.327037, 6.953356e-310,5.327037, 1.000000e+00,
5.350741, 1.500000e+01,5.350741, 0.000000e+00,5.350741, 9.649263e+00,5.350741, 0.000000e+00,5.350741, 5.350737e+00,5.350741, 6.953356e-310,5.350741, 1.000000e+00,
5.374444, 1.500000e+01,5.374444, 0.000000e+00,5.374444, 9.625559e+00,5.374444, 0.000000e+00,5.374444, 5.374441e+00,5.374444, 6.953356e-310,5.374444, 1.000000e+00,
5.398148, 1.500000e+01,5.398148, 0.000000e+00,5.398148, 9.601855e+00,5.398148, 0.000000e+00,5.398148, 5.398145e+00,5.398148, 6.953356e-310,5.398148, 1.000000e+00,
5.421852, 1.500000e+01,5.421852, 0.000000e+00,5.421852, 9.578152e+00,5.421852, 0.000000e+00,5.421852, 5.421848e+00,5.421852, 6.953356e-310,5.421852, 1.000000e+00,
5.445556, 1.500000e+01,5.445556, 0.000000e+00,5.445556, 9.554448e+00,5.445556, 0.000000e+00,5.445556, 5.445552e+00,5.445556, 6.953356e-310,5.445556, 1.000000e+00,
5.469259, 1.500000e+01,5.469259, 0.000000e+00,5.469259, 9.530744e+00,5.469259, 0.000000e+00,5.469259, 5.469256e+00,5.469259, 6.953356e-310,5.469259, 1.000000e+00,
5.492963, 1.500000e+01,5.492963, 0.000000e+00,5.492963, 9.507041e+00,5.492963, 0.000000e+00,5.492963, 5.492959e+00,5.492963, 6.953356e-310,5.492963, 1.000000e+00,
5.516667, 1.500000e+01,5.516667, 0.000000e+00,5.516667, 9.483337e+00,5.516667, 0.000000e+00,5.516667, 5.516663e+00,5.516667, 6.953356e-310,5.516667, 1.000000e+00,
5.540370, 1.500000e+01,5.540370, 0.000000e+00,5.540370, 9.459633e+00,5.540370, 0.000000e+00,5.540370, 5.540367e+00,5.540370, 6.953356e-310,5.540370, 1.000000e+00,
5.564074, 1.500000e+01,5.564074, 0.000000e+00,5.564074, 9.435930e+00,5.564074, 0.000000e+00,5.564074, 5.564070e+00,5.564074, 6.953356e-310,5.564074, 1.000000e+00,
5.587778, 1.500000e+01,5.587778, 0.000000e+00,5.587778, 9.412226e+00,5.587778, 0.000000e+00,5.587778, 5.587774e+00,5.587778, 6.953356e-310,5.587778, 1.000000e+00,
5.611481, 1.500000e+01,5.611481, 0.000000e+00,5.611481, 9.388522e+00,5.611481, 0.000000e+00,5.611481, 5.611478e+00,5.611481, 6.953356e-310,5.611481, 1.000000e+00,
5.635185, 1.500000e+01,5.635185, 0.000000e+00,5.635185, 9.364818e+00,5.635185, 0.000000e+00,5.635185, 5.635182e+00,5.635185, 6.953356e-310,5.635185, 1.000000e+00,
5.658889, 1.500000e+01,5.658889, 0.000000e+00,5.658889, 9.341115e+00,5.658889, 0.000000e+00,5.658889, 5.658885e+00,5.658889, 6.953356e-310,5.658889, 1.000000e+00,
5.682593, 1.500000e+01,5.682593, 0.000000e+00,5.682593, 9.317411e+00,5.682593, 0.000000e+00,5.682593, 5.682589e+00,5.682593, 6.953356e-310,5.682593, 1.000000e+00,
5.706296, 1.500000e+01,5.706296, 0.000000e+00,5.706296, 9.293707e+00,5.706296, 0.000000e+00,5.706296, 5.706293e+00,5.706296, 6.953356e-310,5.706296, 1.000000e+00,
5.730000, 1.500000e+01,5.730000, 0.000000e+00,5.730000, 9.270004e+00,5.730000, 0.000000e+00,5.730000, 5.729996e+00,5.730000, 6.953356e-310,5.730000, 1.000000e+00,
5.753704, 1.500000e+01,5.753704, 0.000000e+00,5.753704, 9.246300e+00,5.753704, 0.000000e+00,5.753704, 5.753700e+00,5.753704, 6.953356e-310,5.753704, 1.000000e+00,
5.777407, 1.500000e+01,5.777407, 0.000000e+00,5.777407, 9.222596e+00,5.777407, 0.000000e+00,5.777407, 5.777404e+00,5.777407, 6.953356e-310,5.777407, 1.000000e+00,
5.801111, 1.500000e+01,5.801111, 0.000000e+00,5.801111, 9.198893e+00,5.801111, 0.000000e+00,5.801111, 5.801107e+00,5.801111, 6.953356e-310,5.801111, 1.000000e+00,
5.824815, 1.500000e+01,5.824815, 0.000000e+00,5.824815, 9.175189e+00,5.824815, 0.000000e+00,5.824815, 5.824811e+00,5.824815, 6.953356e-310,5.824815, 1.000000e+00,
5.848519, 1.500000e+01,5.848519, 0.000000e+00,5.848519, 9.151485e+00,5.848519, 0.000000e+00,5.848519, 5.848515e+00,5.848519, 6.953356e-310,5.848519, 1.000000e+00,
5.872222, 1.500000e+01,5.872222, 0.000000e+00,5.872222, 9.127782e+00,5.872222, 0.000000e+00,5.872222, 5.872218e+00,5.872222, 6.953356e-310,5.872222, 1.000000e+00,
5.895926, 1.500000e+01,5.895926, 0.000000e+00,5.895926, 9.104078e+00,5.895926, 0.000000e+00,5.895926, 5.895922e+00,5.895926, 6.953356e-310,5.895926, 1.000000e+00,
5.919630, 1.500000e+01,5.919630, 0.000000e+00,5.919630, 9.080374e+00,5.919630, 0.000000e+00,5.919630, 5.919626e+00,5.919630, 6.953356e-310,5.919630, 1.000000e+00,
5.943333, 1.500000e+01,5.943333, 0.000000e+00,5.943333, 9.056671e+00,5.943333, 0.000000e+00,5.943333, 5.943329e+00,5.943333, 6.953356e-310,5.943333, 1.000000e+00,
5.967037, 1.500000e+01,5.967037, 0.000000e+00,5.967037, 9.032967e+00,5.967037, 0.000000e+00,5.967037, 5.967033e+00,5.967037, 6.953356e-310,5.967037, 1.000000e+00,
5.990741, 1.500000e+01,5.990741, 0.000000e+00,5.990741, 9.009263e+00,5.990741, 0.000000e+00,5.990741, 5.990737e+00,5.990741, 6.953356e-310,5.990741, 1.000000e+00,
6.014444, 1.500000e+01,6.014444, 0.000000e+00,6.014444, 8.985559e+00,6.014444, 0.000000e+00,6.014444, 6.014441e+00,6.014444, 6.953356e-310,6.014444, 1.000000e+00,
6.038148, 1.500000e+01,6.038148, 0.000000e+00,6.038148, 8.961856e+00,6.038148, 0.000000e+00,6.038148, 6.038144e+00,6.038148, 6.953356e-310,6.038148, 1.000000e+00,
6.061852, 1.500000e+01,6.061852, 0.000000e+00,6.061852, 8.938152e+00,6.061852, 0.000000e+00,6.061852, 6.061848e+00,6.061852, 6.953356e-310,6.061852, 1.000000e+00,
6.085556, 1.500000e+01,6.085556, 0.000000e+00,6.085556, 8.914448e+00,6.085556, 0.000000e+00,6.085556, 6.085552e+00,6.085556, 6.953356e-310,6.085556, 1.000000e+00,
6.109259, 1.500000e+01,6.109259, 0.000000e+00,6.109259, 8.890745e+00,6.109259, 0.000000e+00,6.109259, 6.109255e+00,6.109259, 6.953356e-310,6.109259, 1.000000e+00,
6.132963, 1.500000e+01,6.132963, 0.000000e+00,6.132963, 8.867041e+00,6.132963, 0.000000e+00,6.132963, 6.132959e+00,6.132963, 6.953356e-310,6.132963, 1.000000e+00,
6.156667, 1.500000e+01,6.156667, 0.000000e+00,6.156667, 8.843337e+00,6.156667, 0.000000e+00,6.156667, 6.156663e+00,6.156667, 6.953356e-310,6.156667, 1.000000e+00,
6.180370, 1.500000e+01,6.180370, 0.000000e+00,6.180370, 8.819634e+00,6.180370, 0.000000e+00,6.180370, 6.180366e+00,6.180370, 6.953356e-310,6.180370, 1.000000e+00,
6.204074, 1.500000e+01,6.204074, 0.000000e+00,6.204074, 8.795930e+00,6.204074, 0.000000e+00,6.204074, 6.204070e+00,6.204074, 6.953356e-310,6.204074, 1.000000e+00,
6.227778, 1.500000e+01,6.227778, 0.000000e+00,6.227778, 8.772226e+00,6.227778, 0.000000e+00,6.227778, 6.227774e+00,6.227778, 6.953356e-310,6.227778, 1.000000e+00,
6.251481, 1.500000e+01,6.251481, 0.000000e+00,6.251481, 8.748523e+00,6.251481, 0.000000e+00,6.251481, 6.251477e+00,6.251481, 6.953356e-310,6.251481, 1.000000e+00,
6.275185, 1.500000e+01,6.275185, 0.000000e+00,6.275185, 8.724819e+00,6.275185, 0.000000e+00,6.275185, 6.275181e+00,6.275185, 6.953356e-310,6.275185, 1.000000e+00,
6.298889, 1.500000e+01,6.298889, 0.000000e+00,6.298889, 8.701115e+00,6.298889, 0.000000e+00,6.298889, 6.298885e+00,6.298889, 6.953356e-310,6.298889, 1.000000e+00,
6.322593, 1.500000e+01,6.322593, 0.000000e+00,6.322593, 8.677412e+00,6.322593, 0.000000e+00,6.322593, 6.322588e+00,6.322593, 6.953356e-310,6.322593, 1.000000e+00,
6.346296, 1.500000e+01,6.346296, 0.000000e+00,6.346296, 8.653708e+00,6.346296, 0.000000e+00,6.346296, 6.346292e+00,6.346296, 6.953356e-310,6.346296, 1.000000e+00,
6.370000, 1.500000e+01,6.370000, 0.000000e+00,6.370000, 8.630004e+00,6.370000, 0.000000e+00,6.370000, 6.369996e+00,6.370000, 6.953356e-310,6.370000, 1.000000e+00,
6.393704, 1.500000e+01,6.393704, 0.000000e+00,6.393704, 8.606300e+00,6.393704, 0.000000e+00,6.393704, 6.393700e+00,6.393704, 6.953356e-310,6.393704, 1.000000e+00,
6.417407, 1.500000e+01,6.417407, 0.000000e+00,6.417407, 8.582597e+00,6.417407, 0.000000e+00,6.417407, 6.417403e+00,6.417407, 6.953356e-310,6.417407, 1.000000e+00,
6.441111, 1.500000e+01,6.441111, 0.000000e+00,6.441111, 8.558893e+00,6.441111, 0.000000e+00,6.441111, 6.441107e+00,6.441111, 6.953356e-310,6.441111, 1.000000e+00,
6.464815, 1.500000e+01,6.464815, 0.000000e+00,6.464815, 8.535189e+00,6.464815, 0.000000e+00,6.464815, 6.464811e+00,6.464815, 6.953356e-310,6.464815, 1.000000e+00,
6.488519, 1.500000e+01,6.488519, 0.000000e+00,6.488519, 8.511486e+00,6.488519, 0.000000e+00,6.488519, 6.488514e+00,6.488519, 6.953356e-310,6.488519, 1.000000e+00,
6.512222, 1.500000e+01,6.512222, 0.000000e+00,6.512222, 8.487782e+00,6.512222, 0.000000e+00,6.512222, 6.512218e+00,6.512222, 6.953356e-310,6.512222, 1.000000e+00,
6.535926, 1.500000e+01,6.535926, 0.000000e+00,6.535926, 8.464078e+00,6.535926, 0.000000e+00,6.535926, 6.535922e+00,6.535926, 6.953356e-310,6.535926, 1.000000e+00,
6.559630, 1.500000e+01,6.559630, 0.000000e+00,6.559630, 8.440375e+00,6.559630, 0.000000e+00,6.559630, 6.559625e+00,6.559630, 6.953356e-310,6.559630, 1.000000e+00,
6.583333, 1.500000e+01,6.583333, 0.000000e+00,6.583333, 8.416671e+00,6.583333, 0.000000e+00,6.583333, 6.583329e+00,6.583333, 6.953356e-310,6.583333, 1.000000e+00,
6.607037, 1.500000e+01,6.607037, 0.000000e+00,6.607037, 8.392967e+00,6.607037, 0.000000e+00,6.607037, 6.607033e+00,6.607037, 6.953356e-310,6.607037, 1.000000e+00,
6.630741, 1.500000e+01,6.630741, 0.000000e+00,6.630741, 8.369264e+00,6.630741, 0.000000e+00,6.630741, 6.630736e+00,6.630741, 6.953356e-310,6.630741, 1.000000e+00,
6.654444, 1.500000e+01,6.654444, 0.000000e+00,6.654444, 8.345560e+00,6.654444, 0.000000e+00,6.654444, 6.654440e+00,6.654444, 6.953356e-310,6.654444, 1.000000e+00,
6.678148, 1.500000e+01,6.678148, 0.000000e+00,6.678148, 8.321856e+00,6.678148, 0.000000e+00,6.678148, 6.678144e+00,6.678148, 6.953356e-310,6.678148, 1.000000e+00,
6.701852, 1.500000e+01,6.701852, 0.000000e+00,6.701852, 8.298153e+00,6.701852, 0.000000e+00,6.701852, 6.701847e+00,6.701852, 6.953356e-310,6.701852, 1.000000e+00,
6.725556, 1.500000e+01,6.725556, 0.000000e+00,6.725556, 8.274449e+00,6.725556, 0.000000e+00,6.725556, 6.725551e+00,6.725556, 6.953356e-310,6.725556, 1.000000e+00,
6.749259, 1.500000e+01,6.749259, 0.000000e+00,6.749259, 8.250745e+00,6.749259, 0.000000e+00,6.749259, 6.749255e+00,6.749259, 6.953356e-310,6.749259, 1.000000e+00,
6.772963, 1.500000e+01,6.772963, 0.000000e+00,6.772963, 8.227041e+00,6.772963, 0.000000e+00,6.772963, 6.772959e+00,6.772963, 6.953356e-310,6.772963, 1.000000e+00,
6.796667, 1.500000e+01,6.796667, 0.000000e+00,6.796667, 8.203338e+00,6.796667, 0.000000e+00,6.796667, 6.796662e+00,6.796667, 6.953356e-310,6.796667, 1.000000e+00,
6.820370, 1.500000e+01,6.820370, 0.000000e+00,6.820370, 8.179634e+00,6.820370, 0.000000e+00,6.820370, 6.820366e+00,6.820370, 6.953356e-310,6.820370, 1.000000e+00,
6.844074, 1.500000e+01,6.844074, 0.000000e+00,6.844074, 8.155930e+00,6.844074, 0.000000e+00,6.844074, 6.844070e+00,6.844074, 6.953356e-310,6.844074, 1.000000e+00,
6.867778, 1.500000e+01,6.867778, 0.000000e+00,6.867778, 8.132227e+00,6.867778, 0.000000e+00,6.867778, 6.867773e+00,6.867778, 6.953356e-310,6.867778, 1.000000e+00,
6.891481, 1.500000e+01,6.891481, 0.000000e+00,6.891481, 8.108523e+00,6.891481, 0.000000e+00,6.891481, 6.891477e+00,6.891481, 6.953356e-310,6.891481, 1.000000e+00,
6.915185, 1.500000e+01,6.915185, 0.000000e+00,6.915185, 8.084819e+00,6.915185, 0.000000e+00,6.915185, 6.915181e+00,6.915185, 6.953356e-310,6.915185, 1.000000e+00,
6.938889, 1.500000e+01,6.938889, 0.000000e+00,6.938889, 8.061116e+00,6.938889, 0.000000e+00,6.938889, 6.938884e+00,6.938889, 6.953356e-310,6.938889, 1.000000e+00,
6.962593, 1.500000e+01,6.962593, 0.000000e+00,6.962593, 8.037412e+00,6.962593, 0.000000e+00,6.962593, 6.962588e+00,6.962593, 6.953356e-310,6.962593, 1.000000e+00,
6.986296, 1.500000e+01,6.986296, 0.000000e+00,6.986296, 8.013708e+00,6.986296, 0.000000e+00,6.986296, 6.986292e+00,6.986296, 6.953356e-310,6.986296, 1.000000e+00,
7.010000, 1.500000e+01,7.010000, 0.000000e+00,7.010000, 7.990005e+00,7.010000, 0.000000e+00,7.010000, 7.009995e+00,7.010000, 6.953356e-310,7.010000, 1.000000e+00,
7.033704, 1.500000e+01,7.033704, 0.000000e+00,7.033704, 7.966301e+00,7.033704, 0.000000e+00,7.033704, 7.033699e+00,7.033704, 6.953356e-310,7.033704, 1.000000e+00,
7.057407, 1.500000e+01,7.057407, 0.000000e+00,7.057407, 7.942597e+00,7.057407, 0.000000e+00,7.057407, 7.057403e+00,7.057407, 6.953356e-310,7.057407, 1.000000e+00,
7.081111, 1.500000e+01,7.081111, 0.000000e+00,7.081111, 7.918893e+00,7.081111, 0.000000e+00,7.081111, 7.081107e+00,7.081111, 6.953356e-310,7.081111, 1.000000e+00,
7.104815, 1.500000e+01,7.104815, 0.000000e+00,7.104815, 7.895190e+00,7.104815, 0.000000e+00,7.104815, 7.104810e+00,7.104815, 6.953356e-310,7.104815, 1.000000e+00,
7.128519, 1.500000e+01,7.128519, 0.000000e+00,7.128519, 7.871486e+00,7.128519, 0.000000e+00,7.128519, 7.128514e+00,7.128519, 6.953356e-310,7.128519, 1.000000e+00,
7.152222, 1.500000e+01,7.152222, 0.000000e+00,7.152222, 7.847782e+00,7.152222, 0.000000e+00,7.152222, 7.152218e+00,7.152222, 6.953356e-310,7.152222, 1.000000e+00,
7.175926, 1.500000e+01,7.175926, 0.000000e+00,7.175926, 7.824079e+00,7.175926, 0.000000e+00,7.175926, 7.175921e+00,7.175926, 6.953356e-310,7.175926, 1.000000e+00,
7.199630, 1.500000e+01,7.199630, 0.000000e+00,7.199630, 7.800375e+00,7.199630, 0.000000e+00,7.199630, 7.199625e+00,7.199630, 6.953356e-310,7.199630, 1.000000e+00,
7.223333, 1.500000e+01,7.223333, 0.000000e+00,7.223333, 7.776671e+00,7.223333, 0.000000e+00,7.223333, 7.223329e+00,7.223333, 6.953356e-310,7.223333, 1.000000e+00,
7.247037, 1.500000e+01,7.247037, 0.000000e+00,7.247037, 7.752968e+00,7.247037, 0.000000e+00,7.247037, 7.247032e+00,7.247037, 6.953356e-310,7.247037, 1.000000e+00,
7.270741, 1.500000e+01,7.270741, 0.000000e+00,7.270741, 7.729264e+00,7.270741, 0.000000e+00,7.270741, 7.270736e+00,7.270741, 6.953356e-310,7.270741, 1.000000e+00,
7.294444, 1.500000e+01,7.294444, 0.000000e+00,7.294444, 7.705560e+00,7.294444, 0.000000e+00,7.294444, 7.294440e+00,7.294444, 6.953356e-310,7.294444, 1.000000e+00,
7.318148, 1.500000e+01,7.318148, 0.000000e+00,7.318148, 7.681857e+00,7.318148, 0.000000e+00,7.318148, 7.318143e+00,7.318148, 6.953356e-310,7.318148, 1.000000e+00,
7.341852, 1.500000e+01,7.341852, 0.000000e+00,7.341852, 7.658153e+00,7.341852, 0.000000e+00,7.341852, 7.341847e+00,7.341852, 6.953356e-310,7.341852, 1.000000e+00,
7.365556, 1.500000e+01,7.365556, 0.000000e+00,7.365556, 7.634449e+00,7.365556, 0.000000e+00,7.365556, 7.365551e+00,7.365556, 6.953356e-310,7.365556, 1.000000e+00,
7.389259, 1.500000e+01,7.389259, 0.000000e+00,7.389259, 7.610746e+00,7.389259, 0.000000e+00,7.389259, 7.389254e+00,7.389259, 6.953356e-310,7.389259, 1.000000e+00,
7.412963, 1.500000e+01,7.412963, 0.000000e+00,7.412963, 7.587042e+00,7.412963, 0.000000e+00,7.412963, 7.412958e+00,7.412963, 6.953356e-310,7.412963, 1.000000e+00,
7.436667, 1.500000e+01,7.436667, 0.000000e+00,7.436667, 7.563338e+00,7.436667, 0.000000e+00,7.436667, 7.436662e+00,7.436667, 6.953356e-310,7.436667, 1.000000e+00,
7.460370, 1.500000e+01,7.460370, 0.000000e+00,7.460370, 7.539634e+00,7.460370, 0.000000e+00,7.460370, 7.460366e+00,7.460370, 6.953356e-310,7.460370, 1.000000e+00,
7.484074, 1.500000e+01,7.484074, 0.000000e+00,7.484074, 7.515931e+00,7.484074, 0.000000e+00,7.484074, 7.484069e+00,7.484074, 6.953356e-310,7.484074, 1.000000e+00,
7.507778, 1.500000e+01,7.507778, 0.000000e+00,7.507778, 7.492227e+00,7.507778, 0.000000e+00,7.507778, 7.507773e+00,7.507778, 6.953356e-310,7.507778, 1.000000e+00,
7.531481, 1.500000e+01,7.531481, 0.000000e+00,7.531481, 7.468523e+00,7.531481, 0.000000e+00,7.531481, 7.531477e+00,7.531481, 6.953356e-310,7.531481, 1.000000e+00,
7.555185, 1.500000e+01,7.555185, 0.000000e+00,7.555185, 7.444820e+00,7.555185, 0.000000e+00,7.555185, 7.555180e+00,7.555185, 6.953356e-310,7.555185, 1.000000e+00,
7.578889, 1.500000e+01,7.578889, 0.000000e+00,7.578889, 7.421116e+00,7.578889, 0.000000e+00,7.578889, 7.578884e+00,7.578889, 6.953356e-310,7.578889, 1.000000e+00,
7.602593, 1.500000e+01,7.602593, 0.000000e+00,7.602593, 7.397412e+00,7.602593, 0.000000e+00,7.602593, 7.602588e+00,7.602593, 6.953356e-310,7.602593, 1.000000e+00,
7.626296, 1.500000e+01,7.626296, 0.000000e+00,7.626296, 7.373709e+00,7.626296, 0.000000e+00,7.626296, 7.626291e+00,7.626296, 6.953356e-310,7.626296, 1.000000e+00,
7.650000, 1.500000e+01,7.650000, 0.000000e+00,7.650000, 7.350005e+00,7.650000, 0.000000e+00,7.650000, 7.649995e+00,7.650000, 6.953356e-310,7.650000, 1.000000e+00,
7.673704, 1.500000e+01,7.673704, 0.000000e+00,7.673704, 7.326301e+00,7.673704, 0.000000e+00,7.673704, 7.673699e+00,7.673704, 6.953356e-310,7.673704, 1.000000e+00,
7.697407, 1.500000e+01,7.697407, 0.000000e+00,7.697407, 7.302598e+00,7.697407, 0.000000e+00,7.697407, 7.697402e+00,7.697407, 6.953356e-310,7.697407, 1.000000e+00,
7.721111, 1.500000e+01,7.721111, 0.000000e+00,7.721111, 7.278894e+00,7.721111, 0.000000e+00,7.721111, 7.721106e+00,7.721111, 6.953356e-310,7.721111, 1.000000e+00,
7.744815, 1.500000e+01,7.744815, 0.000000e+00,7.744815, 7.255190e+00,7.744815, 0.000000e+00,7.744815, 7.744810e+00,7.744815, 6.953356e-310,7.744815, 1.000000e+00,
7.768519, 1.500000e+01,7.768519, 0.000000e+00,7.768519, 7.231487e+00,7.768519, 0.000000e+00,7.768519, 7.768513e+00,7.768519, 6.953356e-310,7.768519, 1.000000e+00,
7.792222, 1.500000e+01,7.792222, 0.000000e+00,7.792222, 7.207783e+00,7.792222, 0.000000e+00,7.792222, 7.792217e+00,7.792222, 6.953356e-310,7.792222, 1.000000e+00,
7.815926, 1.500000e+01,7.815926, 0.000000e+00,7.815926, 7.184079e+00,7.815926, 0.000000e+00,7.815926, 7.815921e+00,7.815926, 6.953356e-310,7.815926, 1.000000e+00,
7.839630, 1.500000e+01,7.839630, 0.000000e+00,7.839630, 7.160375e+00,7.839630, 0.000000e+00,7.839630, 7.839625e+00,7.839630, 6.953356e-310,7.839630, 1.000000e+00,
7.863333, 1.500000e+01,7.863333, 0.000000e+00,7.863333, 7.136672e+00,7.863333, 0.000000e+00,7.863333, 7.863328e+00,7.863333, 6.953356e-310,7.863333, 1.000000e+00,
7.887037, 1.500000e+01,7.887037, 0.000000e+00,7.887037, 7.112968e+00,7.887037, 0.000000e+00,7.887037, 7.887032e+00,7.887037, 6.953356e-310,7.887037, 1.000000e+00,
7.910741, 1.500000e+01,7.910741, 0.000000e+00,7.910741, 7.089264e+00,7.910741, 0.000000e+00,7.910741, 7.910736e+00,7.910741, 6.953356e-310,7.910741, 1.000000e+00,
7.934444, 1.500000e+01,7.934444, 0.000000e+00,7.934444, 7.065561e+00,7.934444, 0.000000e+00,7.934444, 7.934439e+00,7.934444, 6.953356e-310,7.934444, 1.000000e+00,
7.958148, 1.500000e+01,7.958148, 0.000000e+00,7.958148, 7.041857e+00,7.958148, 0.000000e+00,7.958148, 7.958143e+00,7.958148, 6.953356e-310,7.958148, 1.000000e+00,
7.981852, 1.500000e+01,7.981852, 0.000000e+00,7.981852, 7.018153e+00,7.981852, 0.000000e+00,7.981852, 7.981847e+00,7.981852, 6.953356e-310,7.981852, 1.000000e+00,
8.005556, 1.500000e+01,8.005556, 0.000000e+00,8.005556, 6.994450e+00,8.005556, 0.000000e+00,8.005556, 8.005550e+00,8.005556, 6.953356e-310,8.005556, 1.000000e+00,
8.029259, 1.500000e+01,8.029259, 0.000000e+00,8.029259, 6.970746e+00,8.029259, 0.000000e+00,8.029259, 8.029254e+00,8.029259, 6.953356e-310,8.029259, 1.000000e+00,
8.052963, 1.500000e+01,8.052963, 0.000000e+00,8.052963, 6.947042e+00,8.052963, 0.000000e+00,8.052963, 8.052958e+00,8.052963, 6.953356e-310,8.052963, 1.000000e+00,
8.076667, 1.500000e+01,8.076667, 0.000000e+00,8.076667, 6.923339e+00,8.076667, 0.000000e+00,8.076667, 8.076661e+00,8.076667, 6.953356e-310,8.076667, 1.000000e+00,
8.100370, 1.500000e+01,8.100370, 0.000000e+00,8.100370, 6.899635e+00,8.100370, 0.000000e+00,8.100370, 8.100365e+00,8.100370, 6.953356e-310,8.100370, 1.000000e+00,
8.124074, 1.500000e+01,8.124074, 0.000000e+00,8.124074, 6.875931e+00,8.124074, 0.000000e+00,8.124074, 8.124069e+00,8.124074, 6.953356e-310,8.124074, 1.000000e+00,
8.147778, 1.500000e+01,8.147778, 0.000000e+00,8.147778, 6.852228e+00,8.147778, 0.000000e+00,8.147778, 8.147772e+00,8.147778, 6.953356e-310,8.147778, 1.000000e+00,
8.171481, 1.500000e+01,8.171481, 0.000000e+00,8.171481, 6.828524e+00,8.171481, 0.000000e+00,8.171481, 8.171476e+00,8.171481, 6.953356e-310,8.171481, 1.000000e+00,
8.195185, 1.500000e+01,8.195185, 0.000000e+00,8.195185, 6.804820e+00,8.195185, 0.000000e+00,8.195185, 8.195180e+00,8.195185, 6.953356e-310,8.195185, 1.000000e+00,
8.218889, 1.500000e+01,8.218889, 0.000000e+00,8.218889, 6.781116e+00,8.218889, 0.000000e+00,8.218889, 8.218884e+00,8.218889, 6.953356e-310,8.218889, 1.000000e+00,
8.242593, 1.500000e+01,8.242593, 0.000000e+00,8.242593, 6.757413e+00,8.242593, 0.000000e+00,8.242593, 8.242587e+00,8.242593, 6.953356e-310,8.242593, 1.000000e+00,
8.266296, 1.500000e+01,8.266296, 0.000000e+00,8.266296, 6.733709e+00,8.266296, 0.000000e+00,8.266296, 8.266291e+00,8.266296, 6.953356e-310,8.266296, 1.000000e+00,
8.290000, 1.500000e+01,8.290000, 0.000000e+00,8.290000, 6.710005e+00,8.290000, 0.000000e+00,8.290000, 8.289995e+00,8.290000, 6.953356e-310,8.290000, 1.000000e+00,
8.313704, 1.500000e+01,8.313704, 0.000000e+00,8.313704, 6.686302e+00,8.313704, 0.000000e+00,8.313704, 8.313698e+00,8.313704, 6.953356e-310,8.313704, 1.000000e+00,
8.337407, 1.500000e+01,8.337407, 0.000000e+00,8.337407, 6.662598e+00,8.337407, 0.000000e+00,8.337407, 8.337402e+00,8.337407, 6.953356e-310,8.337407, 1.000000e+00,
8.361111, 1.500000e+01,8.361111, 0.000000e+00,8.361111, 6.638894e+00,8.361111, 0.000000e+00,8.361111, 8.361106e+00,8.361111, 6.953356e-310,8.361111, 1.000000e+00,
8.384815, 1.500000e+01,8.384815, 0.000000e+00,8.384815, 6.615191e+00,8.384815, 0.000000e+00,8.384815, 8.384809e+00,8.384815, 6.953356e-310,8.384815, 1.000000e+00,
8.408519, 1.500000e+01,8.408519, 0.000000e+00,8.408519, 6.591487e+00,8.408519, 0.000000e+00,8.408519, 8.408513e+00,8.408519, 6.953356e-310,8.408519, 1.000000e+00,
8.432222, 1.500000e+01,8.432222, 0.000000e+00,8.432222, 6.567783e+00,8.432222, 0.000000e+00,8.432222, 8.432217e+00,8.432222, 6.953356e-310,8.432222, 1.000000e+00,
8.455926, 1.500000e+01,8.455926, 0.000000e+00,8.455926, 6.544080e+00,8.455926, 0.000000e+00,8.455926, 8.455920e+00,8.455926, 6.953356e-310,8.455926, 1.000000e+00,
8.479630, 1.500000e+01,8.479630, 0.000000e+00,8.479630, 6.520376e+00,8.479630, 0.000000e+00,8.479630, 8.479624e+00,8.479630, 6.953356e-310,8.479630, 1.000000e+00,
8.503333, 1.500000e+01,8.503333, 0.000000e+00,8.503333, 6.496672e+00,8.503333, 0.000000e+00,8.503333, 8.503328e+00,8.503333, 6.953356e-310,8.503333, 1.000000e+00,
8.527037, 1.500000e+01,8.527037, 0.000000e+00,8.527037, 6.472969e+00,8.527037, 0.000000e+00,8.527037, 8.527031e+00,8.527037, 6.953356e-310,8.527037, 1.000000e+00,
8.550741, 1.500000e+01,8.550741, 0.000000e+00,8.550741, 6.449265e+00,8.550741, 0.000000e+00,8.550741, 8.550735e+00,8.550741, 6.953356e-310,8.550741, 1.000000e+00,
8.574444, 1.500000e+01,8.574444, 0.000000e+00,8.574444, 6.425561e+00,8.574444, 0.000000e+00,8.574444, 8.574439e+00,8.574444, 6.953356e-310,8.574444, 1.000000e+00,
8.598148, 1.500000e+01,8.598148, 0.000000e+00,8.598148, 6.401857e+00,8.598148, 0.000000e+00,8.598148, 8.598143e+00,8.598148, 6.953356e-310,8.598148, 1.000000e+00,
8.621852, 1.500000e+01,8.621852, 0.000000e+00,8.621852, 6.378154e+00,8.621852, 0.000000e+00,8.621852, 8.621846e+00,8.621852, 6.953356e-310,8.621852, 1.000000e+00,
8.645556, 1.500000e+01,8.645556, 0.000000e+00,8.645556, 6.354450e+00,8.645556, 0.000000e+00,8.645556, 8.645550e+00,8.645556, 6.953356e-310,8.645556, 1.000000e+00,
8.669259, 1.500000e+01,8.669259, 0.000000e+00,8.669259, 6.330746e+00,8.669259, 0.000000e+00,8.669259, 8.669254e+00,8.669259, 6.953356e-310,8.669259, 1.000000e+00,
8.692963, 1.500000e+01,8.692963, 0.000000e+00,8.692963, 6.307043e+00,8.692963, 0.000000e+00,8.692963, 8.692957e+00,8.692963, 6.953356e-310,8.692963, 1.000000e+00,
8.716667, 1.500000e+01,8.716667, 0.000000e+00,8.716667, 6.283339e+00,8.716667, 0.000000e+00,8.716667, 8.716661e+00,8.716667, 6.953356e-310,8.716667, 1.000000e+00,
8.740370, 1.500000e+01,8.740370, 0.000000e+00,8.740370, 6.259635e+00,8.740370, 0.000000e+00,8.740370, 8.740365e+00,8.740370, 6.953356e-310,8.740370, 1.000000e+00,
8.764074, 1.500000e+01,8.764074, 0.000000e+00,8.764074, 6.235932e+00,8.764074, 0.000000e+00,8.764074, 8.764068e+00,8.764074, 6.953356e-310,8.764074, 1.000000e+00,
8.787778, 1.500000e+01,8.787778, 0.000000e+00,8.787778, 6.212228e+00,8.787778, 0.000000e+00,8.787778, 8.787772e+00,8.787778, 6.953356e-310,8.787778, 1.000000e+00,
8.811481, 1.500000e+01,8.811481, 0.000000e+00,8.811481, 6.188524e+00,8.811481, 0.000000e+00,8.811481, 8.811476e+00,8.811481, 6.953356e-310,8.811481, 1.000000e+00,
8.835185, 1.500000e+01,8.835185, 0.000000e+00,8.835185, 6.164821e+00,8.835185, 0.000000e+00,8.835185, 8.835179e+00,8.835185, 6.953356e-310,8.835185, 1.000000e+00,
8.858889, 1.500000e+01,8.858889, 0.000000e+00,8.858889, 6.141117e+00,8.858889, 0.000000e+00,8.858889, 8.858883e+00,8.858889, 6.953356e-310,8.858889, 1.000000e+00,
8.882593, 1.500000e+01,8.882593, 0.000000e+00,8.882593, 6.117413e+00,8.882593, 0.000000e+00,8.882593, 8.882587e+00,8.882593, 6.953356e-310,8.882593, 1.000000e+00,
8.906296, 1.500000e+01,8.906296, 0.000000e+00,8.906296, 6.093709e+00,8.906296, 0.000000e+00,8.906296, 8.906291e+00,8.906296, 6.953356e-310,8.906296, 1.000000e+00,
8.930000, 1.500000e+01,8.930000, 0.000000e+00,8.930000, 6.070006e+00,8.930000, 0.000000e+00,8.930000, 8.929994e+00,8.930000, 6.953356e-310,8.930000, 1.000000e+00,
8.953704, 1.500000e+01,8.953704, 0.000000e+00,8.953704, 6.046302e+00,8.953704, 0.000000e+00,8.953704, 8.953698e+00,8.953704, 6.953356e-310,8.953704, 1.000000e+00,
8.977407, 1.500000e+01,8.977407, 0.000000e+00,8.977407, 6.022598e+00,8.977407, 0.000000e+00,8.977407, 8.977402e+00,8.977407, 6.953356e-310,8.977407, 1.000000e+00,
9.001111, 1.500000e+01,9.001111, 0.000000e+00,9.001111, 5.998895e+00,9.001111, 0.000000e+00,9.001111, 9.001105e+00,9.001111, 6.953356e-310,9.001111, 1.000000e+00,
9.024815, 1.500000e+01,9.024815, 0.000000e+00,9.024815, 5.975191e+00,9.024815, 0.000000e+00,9.024815, 9.024809e+00,9.024815, 6.953356e-310,9.024815, 1.000000e+00,
9.048519, 1.500000e+01,9.048519, 0.000000e+00,9.048519, 5.951487e+00,9.048519, 0.000000e+00,9.048519, 9.048513e+00,9.048519, 6.953356e-310,9.048519, 1.000000e+00,
9.072222, 1.500000e+01,9.072222, 0.000000e+00,9.072222, 5.927784e+00,9.072222, 0.000000e+00,9.072222, 9.072216e+00,9.072222, 6.953356e-310,9.072222, 1.000000e+00,
9.095926, 1.500000e+01,9.095926, 0.000000e+00,9.095926, 5.904080e+00,9.095926, 0.000000e+00,9.095926, 9.095920e+00,9.095926, 6.953356e-310,9.095926, 1.000000e+00,
9.119630, 1.500000e+01,9.119630, 0.000000e+00,9.119630, 5.880376e+00,9.119630, 0.000000e+00,9.119630, 9.119624e+00,9.119630, 6.953356e-310,9.119630, 1.000000e+00,
9.143333, 1.500000e+01,9.143333, 0.000000e+00,9.143333, 5.856673e+00,9.143333, 0.000000e+00,9.143333, 9.143327e+00,9.143333, 6.953356e-310,9.143333, 1.000000e+00,
9.167037, 1.500000e+01,9.167037, 0.000000e+00,9.167037, 5.832969e+00,9.167037, 0.000000e+00,9.167037, 9.167031e+00,9.167037, 6.953356e-310,9.167037, 1.000000e+00,
9.190741, 1.500000e+01,9.190741, 0.000000e+00,9.190741, 5.809265e+00,9.190741, 0.000000e+00,9.190741, 9.190735e+00,9.190741, 6.953356e-310,9.190741, 1.000000e+00,
9.214444, 1.500000e+01,9.214444, 0.000000e+00,9.214444, 5.785562e+00,9.214444, 0.000000e+00,9.214444, 9.214438e+00,9.214444, 6.953356e-310,9.214444, 1.000000e+00,
9.238148, 1.500000e+01,9.238148, 0.000000e+00,9.238148, 5.761858e+00,9.238148, 0.000000e+00,9.238148, 9.238142e+00,9.238148, 6.953356e-310,9.238148, 1.000000e+00,
9.261852, 1.500000e+01,9.261852, 0.000000e+00,9.261852, 5.738154e+00,9.261852, 0.000000e+00,9.261852, 9.261846e+00,9.261852, 6.953356e-310,9.261852, 1.000000e+00,
9.285556, 1.500000e+01,9.285556, 0.000000e+00,9.285556, 5.714450e+00,9.285556, 0.000000e+00,9.285556, 9.285550e+00,9.285556, 6.953356e-310,9.285556, 1.000000e+00,
9.309259, 1.500000e+01,9.309259, 0.000000e+00,9.309259, 5.690747e+00,9.309259, 0.000000e+00,9.309259, 9.309253e+00,9.309259, 6.953356e-310,9.309259, 1.000000e+00,
9.332963, 1.500000e+01,9.332963, 0.000000e+00,9.332963, 5.667043e+00,9.332963, 0.000000e+00,9.332963, 9.332957e+00,9.332963, 6.953356e-310,9.332963, 1.000000e+00,
9.356667, 1.500000e+01,9.356667, 0.000000e+00,9.356667, 5.643339e+00,9.356667, 0.000000e+00,9.356667, 9.356661e+00,9.356667, 6.953356e-310,9.356667, 1.000000e+00,
9.380370, 1.500000e+01,9.380370, 0.000000e+00,9.380370, 5.619636e+00,9.380370, 0.000000e+00,9.380370, 9.380364e+00,9.380370, 6.953356e-310,9.380370, 1.000000e+00,
9.404074, 1.500000e+01,9.404074, 0.000000e+00,9.404074, 5.595932e+00,9.404074, 0.000000e+00,9.404074, 9.404068e+00,9.404074, 6.953356e-310,9.404074, 1.000000e+00,
9.427778, 1.500000e+01,9.427778, 0.000000e+00,9.427778, 5.572228e+00,9.427778, 0.000000e+00,9.427778, 9.427772e+00,9.427778, 6.953356e-310,9.427778, 1.000000e+00,
9.451481, 1.500000e+01,9.451481, 0.000000e+00,9.451481, 5.548525e+00,9.451481, 0.000000e+00,9.451481, 9.451475e+00,9.451481, 6.953356e-310,9.451481, 1.000000e+00,
9.475185, 1.500000e+01,9.475185, 0.000000e+00,9.475185, 5.524821e+00,9.475185, 0.000000e+00,9.475185, 9.475179e+00,9.475185, 6.953356e-310,9.475185, 1.000000e+00,
9.498889, 1.500000e+01,9.498889, 0.000000e+00,9.498889, 5.501117e+00,9.498889, 0.000000e+00,9.498889, 9.498883e+00,9.498889, 6.953356e-310,9.498889, 1.000000e+00,
9.522593, 1.500000e+01,9.522593, 0.000000e+00,9.522593, 5.477414e+00,9.522593, 0.000000e+00,9.522593, 9.522586e+00,9.522593, 6.953356e-310,9.522593, 1.000000e+00,
9.546296, 1.500000e+01,9.546296, 0.000000e+00,9.546296, 5.453710e+00,9.546296, 0.000000e+00,9.546296, 9.546290e+00,9.546296, 6.953356e-310,9.546296, 1.000000e+00,
9.570000, 1.500000e+01,9.570000, 0.000000e+00,9.570000, 5.430006e+00,9.570000, 0.000000e+00,9.570000, 9.569994e+00,9.570000, 6.953356e-310,9.570000, 1.000000e+00,
9.593704, 1.500000e+01,9.593704, 0.000000e+00,9.593704, 5.406303e+00,9.593704, 0.000000e+00,9.593704, 9.593697e+00,9.593704, 6.953356e-310,9.593704, 1.000000e+00,
9.617407, 1.500000e+01,9.617407, 0.000000e+00,9.617407, 5.382599e+00,9.617407, 0.000000e+00,9.617407, 9.617401e+00,9.617407, 6.953356e-310,9.617407, 1.000000e+00,
9.641111, 1.500000e+01,9.641111, 0.000000e+00,9.641111, 5.358895e+00,9.641111, 0.000000e+00,9.641111, 9.641105e+00,9.641111, 6.953356e-310,9.641111, 1.000000e+00,
9.664815, 1.500000e+01,9.664815, 0.000000e+00,9.664815, 5.335191e+00,9.664815, 0.000000e+00,9.664815, 9.664809e+00,9.664815, 6.953356e-310,9.664815, 1.000000e+00,
9.688519, 1.500000e+01,9.688519, 0.000000e+00,9.688519, 5.311488e+00,9.688519, 0.000000e+00,9.688519, 9.688512e+00,9.688519, 6.953356e-310,9.688519, 1.000000e+00,
9.712222, 1.500000e+01,9.712222, 0.000000e+00,9.712222, 5.287784e+00,9.712222, 0.000000e+00,9.712222, 9.712216e+00,9.712222, 6.953356e-310,9.712222, 1.000000e+00,
9.735926, 1.500000e+01,9.735926, 0.000000e+00,9.735926, 5.264080e+00,9.735926, 0.000000e+00,9.735926, 9.735920e+00,9.735926, 6.953356e-310,9.735926, 1.000000e+00,
9.759630, 1.500000e+01,9.759630, 0.000000e+00,9.759630, 5.240377e+00,9.759630, 0.000000e+00,9.759630, 9.759623e+00,9.759630, 6.953356e-310,9.759630, 1.000000e+00,
9.783333, 1.500000e+01,9.783333, 0.000000e+00,9.783333, 5.216673e+00,9.783333, 0.000000e+00,9.783333, 9.783327e+00,9.783333, 6.953356e-310,9.783333, 1.000000e+00,
9.807037, 1.500000e+01,9.807037, 0.000000e+00,9.807037, 5.192969e+00,9.807037, 0.000000e+00,9.807037, 9.807031e+00,9.807037, 6.953356e-310,9.807037, 1.000000e+00,
9.830741, 1.500000e+01,9.830741, 0.000000e+00,9.830741, 5.169266e+00,9.830741, 0.000000e+00,9.830741, 9.830734e+00,9.830741, 6.953356e-310,9.830741, 1.000000e+00,
9.854444, 1.500000e+01,9.854444, 0.000000e+00,9.854444, 5.145562e+00,9.854444, 0.000000e+00,9.854444, 9.854438e+00,9.854444, 6.953356e-310,9.854444, 1.000000e+00,
9.878148, 1.500000e+01,9.878148, 0.000000e+00,9.878148, 5.121858e+00,9.878148, 0.000000e+00,9.878148, 9.878142e+00,9.878148, 6.953356e-310,9.878148, 1.000000e+00,
9.901852, 1.500000e+01,9.901852, 0.000000e+00,9.901852, 5.098155e+00,9.901852, 0.000000e+00,9.901852, 9.901845e+00,9.901852, 6.953356e-310,9.901852, 1.000000e+00,
9.925556, 1.500000e+01,9.925556, 0.000000e+00,9.925556, 5.074451e+00,9.925556, 0.000000e+00,9.925556, 9.925549e+00,9.925556, 6.953356e-310,9.925556, 1.000000e+00,
9.949259, 1.500000e+01,9.949259, 0.000000e+00,9.949259, 5.050747e+00,9.949259, 0.000000e+00,9.949259, 9.949253e+00,9.949259, 6.953356e-310,9.949259, 1.000000e+00,
9.972963, 1.500000e+01,9.972963, 0.000000e+00,9.972963, 5.027044e+00,9.972963, 0.000000e+00,9.972963, 9.972956e+00,9.972963, 6.953356e-310,9.972963, 1.000000e+00,
9.996667, 1.500000e+01,9.996667, 0.000000e+00,9.996667, 5.003340e+00,9.996667, 0.000000e+00,9.996667, 9.996660e+00,9.996667, 6.953356e-310,9.996667, 1.000000e+00,
10.020370, 1.500000e+01,10.020370, 0.000000e+00,10.020370, 4.979636e+00,10.020370, 0.000000e+00,10.020370, 1.002036e+01,10.020370, 6.953356e-310,10.020370, 1.000000e+00,
10.044074, 1.500000e+01,10.044074, 0.000000e+00,10.044074, 4.955932e+00,10.044074, 0.000000e+00,10.044074, 1.004407e+01,10.044074, 6.953356e-310,10.044074, 1.000000e+00,
